Sex Age      L        M        S        P3       P5       P10      P25      P50      P75      P90      P95      P97
1    60.5    -1.00045  18.4859  0.12987  14.8569  15.2320  15.8481  16.9969  18.4859  20.2608  22.1774  23.5083  24.4616
1    61.5    -1.00539  18.6734  0.13069  14.9907  15.3708  15.9954  17.1610  18.6734  20.4792  22.4327  23.7913  24.7657
1    62.5    -1.01057  18.8617  0.13151  15.1251  15.5102  16.1433  17.3256  18.8617  20.6987  22.6894  24.0763  25.0721
1    63.5    -1.01606  19.0507  0.13231  15.2601  15.6502  16.2917  17.4908  19.0507  20.9190  22.9475  24.3631  25.3808
1    64.5    -1.02193  19.2403  0.13311  15.3957  15.7907  16.4407  17.6566  19.2403  21.1403  23.2071  24.6519  25.6918
1    65.5    -1.02824  19.4305  0.13389  15.5319  15.9318  16.5902  17.8229  19.4305  21.3624  23.4680  24.9425  26.0052
1    66.5    -1.03504  19.6213  0.13467  15.6687  16.0735  16.7403  17.9897  19.6213  21.5853  23.7302  25.2351  26.3211
1    67.5    -1.04237  19.8127  0.13544  15.8061  16.2158  16.8909  18.1570  19.8127  21.8090  23.9939  25.5296  26.6394
1    68.5    -1.05025  20.0045  0.13620  15.9442  16.3587  17.0421  18.3248  20.0045  22.0336  24.2588  25.8261  26.9603
1    69.5    -1.05870  20.1970  0.13695  16.0830  16.5023  17.1939  18.4932  20.1970  22.2589  24.5252  26.1246  27.2838
1    70.5    -1.06773  20.3900  0.13769  16.2225  16.6465  17.3462  18.6621  20.3900  22.4850  24.7930  26.4252  27.6101
1    71.5    -1.07732  20.5835  0.13842  16.3627  16.7914  17.4992  18.8315  20.5835  22.7119  25.0622  26.7280  27.9391
1    72.5    -1.08747  20.7776  0.13914  16.5037  16.9370  17.6528  19.0014  20.7776  22.9397  25.3330  27.0330  28.2711
1    73.5    -1.09815  20.9724  0.13985  16.6453  17.0833  17.8070  19.1719  20.9724  23.1684  25.6052  27.3403  28.6061
1    74.5    -1.10933  21.1677  0.14055  16.7878  17.2303  17.9619  19.3431  21.1677  23.3980  25.8791  27.6500  28.9443
1    75.5    -1.12097  21.3638  0.14125  16.9310  17.3780  18.1175  19.5148  21.3638  23.6285  26.1547  27.9622  29.2857
1    76.5    -1.13302  21.5605  0.14194  17.0750  17.5265  18.2737  19.6872  21.5605  23.8601  26.4321  28.2770  29.6305
1    77.5    -1.14543  21.7581  0.14263  17.2198  17.6757  18.4307  19.8603  21.7581  24.0928  26.7112  28.5945  29.9788
1    78.5    -1.15813  21.9564  0.14330  17.3654  17.8257  18.5884  20.0341  21.9564  24.3266  26.9923  28.9148  30.3308
1    79.5    -1.17106  22.1556  0.14398  17.5117  17.9764  18.7469  20.2087  22.1556  24.5617  27.2755  29.2380  30.6865
1    80.5    -1.18414  22.3558  0.14465  17.6589  18.1280  18.9061  20.3840  22.3558  24.7981  27.5608  29.5642  31.0461
1    81.5    -1.19730  22.5570  0.14532  17.8068  18.2803  19.0662  20.5603  22.5570  25.0359  27.8483  29.8936  31.4097
1    82.5    -1.21047  22.7592  0.14599  17.9556  18.4334  19.2271  20.7374  22.7592  25.2753  28.1381  30.2262  31.7775
1    83.5    -1.22356  22.9627  0.14666  18.1050  18.5873  19.3888  20.9155  22.9627  25.5162  28.4304  30.5622  32.1495
1    84.5    -1.23649  23.1674  0.14733  18.2553  18.7421  19.5513  21.0945  23.1674  25.7589  28.7253  30.9017  32.5259
1    85.5    -1.24918  23.3734  0.14801  18.4063  18.8976  19.7147  21.2747  23.3734  26.0034  29.0229  31.2448  32.9068
1    86.5    -1.26155  23.5808  0.14869  18.5581  19.0539  19.8791  21.4559  23.5808  26.2498  29.3233  31.5917  33.2923
1    87.5    -1.27352  23.7897  0.14937  18.7106  19.2110  20.0443  21.6382  23.7897  26.4983  29.6267  31.9424  33.6825
1    88.5    -1.28501  24.0003  0.15006  18.8638  19.3689  20.2105  21.8218  24.0003  26.7490  29.9331  32.2970  34.0775
1    89.5    -1.29595  24.2125  0.15076  19.0177  19.5277  20.3777  22.0066  24.2125  27.0020  30.2428  32.6558  34.4774
1    90.5    -1.30626  24.4264  0.15147  19.1724  19.6872  20.5458  22.1927  24.4264  27.2574  30.5557  33.0187  34.8822
1    91.5    -1.31589  24.6423  0.15219  19.3277  19.8476  20.7149  22.3802  24.6423  27.5153  30.8721  33.3859  35.2921
1    92.5    -1.32477  24.8600  0.15292  19.4837  20.0087  20.8851  22.5691  24.8600  27.7759  31.1921  33.7574  35.7071
1    93.5    -1.33285  25.0799  0.15366  19.6404  20.1707  21.0562  22.7595  25.0799  28.0392  31.5158  34.1335  36.1273
1    94.5    -1.34008  25.3018  0.15441  19.7978  20.3335  21.2285  22.9514  25.3018  28.3055  31.8433  34.5141  36.5527
1    95.5    -1.34641  25.5260  0.15518  19.9559  20.4972  21.4018  23.1449  25.5260  28.5747  32.1747  34.8995  36.9833
1    96.5    -1.35181  25.7525  0.15597  20.1146  20.6616  21.5763  23.3400  25.7525  28.8471  32.5102  35.2895  37.4193
1    97.5    -1.35625  25.9814  0.15677  20.2740  20.8270  21.7519  23.5368  25.9814  29.1228  32.8498  35.6844  37.8606
1    98.5    -1.35971  26.2128  0.15759  20.4341  20.9932  21.9287  23.7354  26.2128  29.4017  33.1937  36.0841  38.3073
1    99.5    -1.36216  26.4467  0.15842  20.5949  21.1603  22.1067  23.9357  26.4467  29.6842  33.5420  36.4889  38.7593
1   100.5    -1.36361  26.6833  0.15927  20.7564  21.3283  22.2860  24.1380  26.6833  29.9702  33.8947  36.8986  39.2166
1   101.5    -1.36404  26.9227  0.16014  20.9186  21.4972  22.4665  24.3421  26.9227  30.2598  34.2519  37.3133  39.6794
1   102.5    -1.36345  27.1648  0.16102  21.0816  21.6671  22.6483  24.5482  27.1648  30.5532  34.6138  37.7332  40.1474
1   103.5    -1.36186  27.4099  0.16192  21.2453  21.8380  22.8315  24.7564  27.4099  30.8505  34.9804  38.1582  40.6208
1   104.5    -1.35928  27.6579  0.16284  21.4099  22.0099  23.0161  24.9667  27.6579  31.1516  35.3517  38.5884  41.0995
1   105.5    -1.35572  27.9090  0.16377  21.5753  22.1829  23.2022  25.1791  27.9090  31.4568  35.7279  39.0237  41.5834
1   106.5    -1.35120  28.1632  0.16472  21.7415  22.3570  23.3897  25.3937  28.1632  31.7661  36.1089  39.4642  42.0724
1   107.5    -1.34575  28.4206  0.16568  21.9087  22.5323  23.5788  25.6106  28.4206  32.0796  36.4949  39.9098  42.5666
1   108.5    -1.33940  28.6813  0.16665  22.0768  22.7087  23.7695  25.8299  28.6813  32.3973  36.8859  40.3606  43.0658
1   109.5    -1.33218  28.9453  0.16764  22.2459  22.8864  23.9619  26.0516  28.9453  32.7193  37.2819  40.8166  43.5700
1   110.5    -1.32413  29.2127  0.16864  22.4162  23.0655  24.1560  26.2757  29.2127  33.0456  37.6829  41.2777  44.0791
1   111.5    -1.31529  29.4835  0.16965  22.5875  23.2459  24.3518  26.5024  29.4835  33.3764  38.0889  41.7438  44.5930
1   112.5    -1.30568  29.7580  0.17067  22.7600  23.4277  24.5496  26.7317  29.7580  33.7116  38.5000  42.2150  45.1116
1   113.5    -1.29536  30.0360  0.17169  22.9338  23.6111  24.7492  26.9637  30.0360  34.0514  38.9162  42.6912  45.6348
1   114.5    -1.28437  30.3177  0.17272  23.1090  23.7961  24.9509  27.1985  30.3177  34.3957  39.3374  43.1723  46.1625
1   115.5    -1.27275  30.6031  0.17376  23.2855  23.9827  25.1547  27.4360  30.6031  34.7445  39.7636  43.6582  46.6945
1   116.5    -1.26053  30.8923  0.17479  23.4636  24.1711  25.3606  27.6765  30.8923  35.0980  40.1948  44.1489  47.2307
1   117.5    -1.24778  31.1853  0.17583  23.6432  24.3613  25.5687  27.9200  31.1853  35.4561  40.6310  44.6443  47.7710
1   118.5    -1.23452  31.4822  0.17687  23.8246  24.5535  25.7792  28.1665  31.4822  35.8189  41.0721  45.1442  48.3153
1   119.5    -1.22081  31.7831  0.17790  24.0076  24.7476  25.9920  28.4161  31.7831  36.1863  41.5181  45.6487  48.8634
1   120.5    -1.20668  32.0879  0.17892  24.1926  24.9439  26.2074  28.6689  32.0879  36.5585  41.9689  46.1575  49.4151
1   121.5    -1.19219  32.3969  0.17994  24.3795  25.1423  26.4254  28.9250  32.3969  36.9352  42.4245  46.6706  49.9703
1   122.5    -1.17736  32.7099  0.18095  24.5685  25.3431  26.6460  29.1844  32.7099  37.3167  42.8847  47.1878  50.5289
1   123.5    -1.16224  33.0270  0.18195  24.7597  25.5463  26.8694  29.4473  33.0270  37.7028  43.3496  47.7090  51.0906
1   124.5    -1.14687  33.3483  0.18293  24.9531  25.7519  27.0957  29.7136  33.3483  38.0936  43.8190  48.2340  51.6553
1   125.5    -1.13129  33.6738  0.18389  25.1489  25.9602  27.3249  29.9835  33.6738  38.4890  44.2929  48.7628  52.2229
1   126.5    -1.11554  34.0036  0.18484  25.3473  26.1712  27.5572  30.2571  34.0036  38.8890  44.7711  49.2952  52.7931
1   127.5    -1.09965  34.3376  0.18577  25.5482  26.3850  27.7927  30.5343  34.3376  39.2936  45.2535  49.8310  53.3658
1   128.5    -1.08365  34.6759  0.18667  25.7519  26.6018  28.0313  30.8154  34.6759  39.7027  45.7400  50.3701  53.9408
1   129.5    -1.06758  35.0186  0.18755  25.9584  26.8216  28.2734  31.1003  35.0186  40.1164  46.2306  50.9123  54.5179
1   130.5    -1.05148  35.3656  0.18841  26.1679  27.0445  28.5189  31.3891  35.3656  40.5344  46.7251  51.4575  55.0970
1   131.5    -1.03536  35.7169  0.18923  26.3805  27.2707  28.7679  31.6818  35.7169  40.9569  47.2233  52.0054  55.6778
1   132.5    -1.01927  36.0726  0.19002  26.5962  27.5003  29.0205  31.9786  36.0726  41.3837  47.7251  52.5560  56.2602
1   133.5    -1.00323  36.4326  0.19079  26.8153  27.7333  29.2768  32.2795  36.4326  41.8148  48.2305  53.1090  56.8441
1   134.5    -0.98726  36.7970  0.19151  27.0377  27.9698  29.5369  32.5845  36.7970  42.2500  48.7392  53.6643  57.4291
1   135.5    -0.97140  37.1657  0.19220  27.2637  28.2101  29.8009  32.8937  37.1657  42.6894  49.2511  54.2217  58.0152
1   136.5    -0.95567  37.5388  0.19286  27.4933  28.4541  30.0688  33.2070  37.5388  43.1328  49.7661  54.7810  58.6021
1   137.5    -0.94008  37.9161  0.19347  27.7267  28.7019  30.3408  33.5247  37.9161  43.5802  50.2839  55.3420  59.1898
1   138.5    -0.92467  38.2977  0.19405  27.9638  28.9537  30.6168  33.8466  38.2977  44.0313  50.8045  55.9047  59.7779
1   139.5    -0.90945  38.6836  0.19458  28.2050  29.2095  30.8970  34.1728  38.6836  44.4862  51.3277  56.4687  60.3665
1   140.5    -0.89444  39.0736  0.19507  28.4501  29.4694  31.1815  34.5033  39.0736  44.9447  51.8533  57.0339  60.9551
1   141.5    -0.87967  39.4678  0.19552  28.6993  29.7335  31.4701  34.8381  39.4678  45.4067  52.3812  57.6002  61.5439
1   142.5    -0.86516  39.8660  0.19592  28.9528  30.0019  31.7631  35.1772  39.8660  45.8721  52.9111  58.1673  62.1324
1   143.5    -0.85091  40.2682  0.19628  29.2105  30.2745  32.0605  35.5206  40.2682  46.3408  53.4430  58.7352  62.7207
1   144.5    -0.83696  40.6744  0.19659  29.4725  30.5516  32.3622  35.8683  40.6744  46.8125  53.9766  59.3035  63.3085
1   145.5    -0.82331  41.0844  0.19685  29.7389  30.8330  32.6683  36.2203  41.0844  47.2872  54.5117  59.8722  63.8957
1   146.5    -0.80999  41.4981  0.19707  30.0098  31.1189  32.9788  36.5765  41.4981  47.7646  55.0482  60.4411  64.4821
1   147.5    -0.79701  41.9155  0.19724  30.2852  31.4092  33.2937  36.9368  41.9155  48.2448  55.5859  61.0099  65.0677
1   148.5    -0.78438  42.3364  0.19736  30.5651  31.7040  33.6131  37.3013  42.3364  48.7274  56.1246  61.5787  65.6523
1   149.5    -0.77213  42.7607  0.19743  30.8496  32.0034  33.9368  37.6699  42.7607  49.2123  56.6641  62.1470  66.2357
1   150.5    -0.76027  43.1882  0.19746  31.1386  32.3072  34.2648  38.0424  43.1882  49.6994  57.2043  62.7150  66.8178
1   151.5    -0.74881  43.6189  0.19744  31.4322  32.6156  34.5972  38.4188  43.6189  50.1883  57.7449  63.2822  67.3985
1   152.5    -0.73778  44.0525  0.19737  31.7304  32.9284  34.9339  38.7989  44.0525  50.6791  58.2857  63.8487  67.9777
1   153.5    -0.72718  44.4890  0.19726  32.0332  33.2456  35.2747  39.1828  44.4890  51.1714  58.8267  64.4142  68.5553
1   154.5    -0.71703  44.9280  0.19710  32.3405  33.5673  35.6197  39.5701  44.9280  51.6650  59.3675  64.9786  69.1312
1   155.5    -0.70735  45.3696  0.19690  32.6522  33.8932  35.9687  39.9609  45.3696  52.1598  59.9080  65.5418  69.7052
1   156.5    -0.69816  45.8133  0.19666  32.9685  34.2235  36.3217  40.3550  45.8133  52.6555  60.4479  66.1035  70.2773
1   157.5    -0.68947  46.2591  0.19637  33.2891  34.5579  36.6785  40.7522  46.2591  53.1519  60.9872  66.6638  70.8474
1   158.5    -0.68130  46.7068  0.19604  33.6140  34.8964  37.0390  41.1523  46.7068  53.6488  61.5256  67.2223  71.4154
1   159.5    -0.67366  47.1560  0.19567  33.9431  35.2389  37.4031  41.5551  47.1560  54.1460  62.0629  67.7791  71.9813
1   160.5    -0.66658  47.6066  0.19526  34.2764  35.5853  37.7706  41.9605  47.6066  54.6431  62.5990  68.3339  72.5448
1   161.5    -0.66006  48.0584  0.19482  34.6136  35.9353  38.1414  42.3683  48.0584  55.1400  63.1335  68.8866  73.1061
1   162.5    -0.65414  48.5111  0.19434  34.9547  36.2890  38.5152  42.7781  48.5111  55.6365  63.6664  69.4371  73.6649
1   163.5    -0.64881  48.9644  0.19383  35.2995  36.6460  38.8919  43.1899  48.9644  56.1322  64.1975  69.9853  74.2213
1   164.5    -0.64411  49.4181  0.19328  35.6479  37.0063  39.2713  43.6033  49.4181  56.6269  64.7264  70.5310  74.7751
1   165.5    -0.64005  49.8718  0.19270  35.9996  37.3696  39.6532  44.0182  49.8718  57.1204  65.2531  71.0741  75.3264
1   166.5    -0.63665  50.3254  0.19209  36.3546  37.7357  40.0373  44.4341  50.3254  57.6124  65.7774  71.6146  75.8749
1   167.5    -0.63391  50.7785  0.19146  36.7125  38.1045  40.4234  44.8510  50.7785  58.1026  66.2990  72.1521  76.4208
1   168.5    -0.63187  51.2309  0.19080  37.0733  38.4757  40.8113  45.2684  51.2309  58.5907  66.8178  72.6868  76.9638
1   169.5    -0.63053  51.6822  0.19012  37.4365  38.8489  41.2006  45.6862  51.6822  59.0766  67.3335  73.2183  77.5041
1   170.5    -0.62992  52.1322  0.18942  37.8021  39.2241  41.5912  46.1040  52.1322  59.5599  67.8461  73.7466  78.0414
1   171.5    -0.63004  52.5805  0.18870  38.1697  39.6009  41.9826  46.5215  52.5805  60.0404  68.3551  74.2717  78.5758
1   172.5    -0.63090  53.0269  0.18796  38.5391  39.9790  42.3747  46.9383  53.0269  60.5178  68.8606  74.7932  79.1071
1   173.5    -0.63252  53.4710  0.18720  38.9100  40.3582  42.7672  47.3543  53.4710  60.9918  69.3623  75.3113  79.6354
1   174.5    -0.63491  53.9126  0.18644  39.2821  40.7381  43.1596  47.7691  53.9126  61.4621  69.8599  75.8256  80.1605
1   175.5    -0.63808  54.3512  0.18566  39.6550  41.1185  43.5518  48.1823  54.3512  61.9286  70.3534  76.3360  80.6823
1   176.5    -0.64202  54.7867  0.18487  40.0286  41.4989  43.9433  48.5936  54.7867  62.3909  70.8425  76.8426  81.2009
1   177.5    -0.64675  55.2187  0.18407  40.4024  41.8791  44.3339  49.0027  55.2187  62.8487  71.3270  77.3450  81.7160
1   178.5    -0.65226  55.6470  0.18327  40.7760  42.2588  44.7231  49.4094  55.6470  63.3019  71.8067  77.8433  82.2277
1   179.5    -0.65855  56.0711  0.18247  41.1493  42.6375  45.1108  49.8131  56.0711  63.7501  72.2815  78.3372  82.7357
1   180.5    -0.66560  56.4909  0.18166  41.5217  43.0150  45.4964  50.2137  56.4909  64.1932  72.7511  78.8265  83.2401
1   181.5    -0.67342  56.9061  0.18085  41.8930  43.3909  45.8798  50.6109  56.9061  64.6309  73.2154  79.3113  83.7407
1   182.5    -0.68198  57.3163  0.18005  42.2627  43.7648  46.2604  51.0042  57.3163  65.0630  73.6742  79.7912  84.2374
1   183.5    -0.69127  57.7213  0.17925  42.6305  44.1363  46.6381  51.3934  57.7213  65.4891  74.1273  80.2663  84.7300
1   184.5    -0.70126  58.1209  0.17845  42.9961  44.5052  47.0124  51.7782  58.1209  65.9093  74.5746  80.7362  85.2183
1   185.5    -0.71192  58.5149  0.17766  43.3589  44.8710  47.3831  52.1583  58.5149  66.3231  75.0158  81.2009  85.7024
1   186.5    -0.72321  58.9029  0.17688  43.7188  45.2333  47.7497  52.5335  58.9029  66.7305  75.4509  81.6601  86.1819
1   187.5    -0.73512  59.2847  0.17611  44.0752  45.5919  48.1119  52.9033  59.2847  67.1313  75.8795  82.1138  86.6567
1   188.5    -0.74758  59.6603  0.17535  44.4278  45.9463  48.4695  53.2677  59.6603  67.5253  76.3017  82.5617  87.1266
1   189.5    -0.76055  60.0293  0.17461  44.7762  46.2963  48.8222  53.6263  60.0293  67.9123  76.7172  83.0037  87.5914
1   190.5    -0.77398  60.3915  0.17387  45.1202  46.6414  49.1695  53.9788  60.3915  68.2922  77.1259  83.4396  88.0509
1   191.5    -0.78781  60.7469  0.17315  45.4592  46.9814  49.5113  54.3251  60.7469  68.6649  77.5276  83.8691  88.5048
1   192.5    -0.80199  61.0953  0.17245  45.7930  47.3159  49.8472  54.6650  61.0953  69.0303  77.9223  84.2922  88.9530
1   193.5    -0.81644  61.4366  0.17177  46.1212  47.6446  50.1770  54.9982  61.4366  69.3883  78.3097  84.7087  89.3951
1   194.5    -0.83111  61.7705  0.17111  46.4435  47.9672  50.5005  55.3246  61.7705  69.7387  78.6898  85.1182  89.8309
1   195.5    -0.84591  62.0971  0.17046  46.7596  48.2835  50.8174  55.6441  62.0971  70.0816  79.0625  85.5207  90.2602
1   196.5    -0.86078  62.4163  0.16984  47.0693  48.5932  51.1275  55.9564  62.4163  70.4168  79.4276  85.9160  90.6826
1   197.5    -0.87565  62.7280  0.16923  47.3722  48.8960  51.4306  56.2615  62.7280  70.7444  79.7850  86.3039  91.0978
1   198.5    -0.89043  63.0322  0.16865  47.6681  49.1918  51.7265  56.5593  63.0322  71.0643  80.1348  86.6841  91.5057
1   199.5    -0.90506  63.3289  0.16809  47.9568  49.4804  52.0151  56.8497  63.3289  71.3765  80.4767  87.0565  91.9057
1   200.5    -0.91945  63.6180  0.16755  48.2381  49.7615  52.2964  57.1326  63.6180  71.6810  80.8108  87.4209  92.2977
1   201.5    -0.93354  63.8995  0.16704  48.5119  50.0351  52.5701  57.4080  63.8995  71.9778  81.1369  87.7772  92.6814
1   202.5    -0.94725  64.1736  0.16655  48.7780  50.3011  52.8362  57.6758  64.1736  72.2671  81.4551  88.1251  93.0564
1   203.5    -0.96050  64.4403  0.16608  49.0362  50.5593  53.0946  57.9362  64.4403  72.5487  81.7652  88.4645  93.4224
1   204.5    -0.97324  64.6996  0.16564  49.2866  50.8097  53.3454  58.1891  64.6996  72.8229  82.0674  88.7952  93.7791
1   205.5    -0.98539  64.9516  0.16521  49.5290  51.0522  53.5885  58.4346  64.9516  73.0897  82.3615  89.1171  94.1263
1   206.5    -0.99690  65.1965  0.16481  49.7635  51.2870  53.8240  58.6728  65.1965  73.3492  82.6475  89.4301  94.4636
1   207.5    -1.00770  65.4344  0.16444  49.9901  51.5140  54.0520  58.9037  65.4344  73.6015  82.9255  89.7339  94.7908
1   208.5    -1.01775  65.6654  0.16408  50.2087  51.7333  54.2725  59.1276  65.6654  73.8467  83.1956  90.0286  95.1076
1   209.5    -1.02700  65.8897  0.16375  50.4197  51.9449  54.4857  59.3445  65.8897  74.0850  83.4576  90.3139  95.4137
1   210.5    -1.03540  66.1074  0.16343  50.6229  52.1491  54.6916  59.5546  66.1074  74.3166  83.7118  90.5899  95.7091
1   211.5    -1.04291  66.3189  0.16314  50.8186  52.3460  54.8905  59.7581  66.3189  74.5416  83.9581  90.8564  95.9934
1   212.5    -1.04951  66.5243  0.16286  51.0069  52.5357  55.0826  59.9553  66.5243  74.7602  84.1968  91.1135  96.2666
1   213.5    -1.05516  66.7239  0.16260  51.1881  52.7184  55.2681  60.1463  66.7239  74.9726  84.4278  91.3612  96.5284
1   214.5    -1.05984  66.9178  0.16236  51.3623  52.8945  55.4472  60.3315  66.9178  75.1791  84.6513  91.5993  96.7789
1   215.5    -1.06353  67.1064  0.16213  51.5298  53.0640  55.6201  60.5110  67.1064  75.3798  84.8674  91.8281  97.0179
1   216.5    -1.06622  67.2899  0.16192  51.6908  53.2274  55.7873  60.6852  67.2899  75.5750  85.0764  92.0476  97.2456
1   217.5    -1.06790  67.4686  0.16172  51.8457  53.3848  55.9488  60.8543  67.4686  75.7649  85.2783  92.2579  97.4619
1   218.5    -1.06858  67.6428  0.16153  51.9947  53.5365  56.1050  61.0186  67.6428  75.9499  85.4735  92.4592  97.6670
1   219.5    -1.06826  67.8127  0.16135  52.1380  53.6829  56.2563  61.1784  67.8127  76.1301  85.6622  92.6517  97.8611
1   220.5    -1.06693  67.9787  0.16118  52.2761  53.8242  56.4028  61.3340  67.9787  76.3059  85.8445  92.8357  98.0442
1   221.5    -1.06462  68.1411  0.16102  52.4091  53.9607  56.5449  61.4858  68.1411  76.4775  86.0210  93.0114  98.2173
1   222.5    -1.06134  68.3000  0.16086  52.5373  54.0927  56.6828  61.6338  68.3000  76.6453  86.1917  93.1794  98.3802
1   223.5    -1.05711  68.4558  0.16072  52.6609  54.2204  56.8168  61.7785  68.4558  76.8094  86.3572  93.3399  98.5337
1   224.5    -1.05198  68.6087  0.16058  52.7803  54.3440  56.9471  61.9199  68.6087  76.9703  86.5178  93.4936  98.6784
1   225.5    -1.04599  68.7588  0.16046  52.8955  54.4638  57.0739  62.0584  68.7588  77.1280  86.6739  93.6409  98.8150
1   226.5    -1.03916  68.9065  0.16034  53.0067  54.5797  57.1973  62.1939  68.9065  77.2831  86.8259  93.7827  98.9445
1   227.5    -1.03157  69.0517  0.16023  53.1140  54.6920  57.3173  62.3267  69.0517  77.4355  86.9745  93.9196  99.0678
1   228.5    -1.02329  69.1946  0.16013  53.2173  54.8006  57.4340  62.4568  69.1946  77.5857  87.1200  94.0526  99.1861
1   229.5    -1.01438  69.3352  0.16005  53.3167  54.9055  57.5474  62.5839  69.3352  77.7339  87.2632  94.1825  99.3007
1   230.5    -1.00495  69.4735  0.15999  53.4120  55.0064  57.6571  62.7082  69.4735  77.8801  87.4046  94.3104  99.4131
1   231.5    -0.99510  69.6092  0.15994  53.5029  55.1032  57.7631  62.8292  69.6092  78.0246  87.5448  94.4376  99.5250
1   232.5    -0.98495  69.7422  0.15993  53.5891  55.1955  57.8648  62.9466  69.7422  78.1674  87.6847  94.5654  99.6381
1   233.5    -0.97466  69.8722  0.15995  53.6700  55.2826  57.9618  63.0599  69.8722  78.3086  87.8249  94.6951  99.7547
1   234.5    -0.96437  69.9986  0.16000  53.7450  55.3641  58.0534  63.1686  69.9986  78.4482  87.9663  94.8285  99.8770
1   235.5    -0.95427  70.1210  0.16011  53.8132  55.4389  58.1386  63.2717  70.1210  78.5861  88.1097  94.9673 100.0075
1   236.5    -0.94455  70.2385  0.16027  53.8737  55.5061  58.2166  63.3683  70.2385  78.7223  88.2561  95.1134 100.1491
1   237.5    -0.93541  70.3503  0.16050  53.9251  55.5644  58.2859  63.4572  70.3503  78.8564  88.4064  95.2689 100.3048
1   238.5    -0.92705  70.4554  0.16081  53.9661  55.6123  58.3451  63.5370  70.4554  78.9883  88.5617  95.4361 100.4779
1   239.5    -0.91971  70.5525  0.16122  53.9948  55.6480  58.3924  63.6061  70.5525  79.1176  88.7231  95.6174 100.6721
1   240.0    -0.91648  70.5976  0.16147  54.0039  55.6607  58.4110  63.6361  70.5976  79.1811  88.8064  95.7143 100.7783
2    60.5    -1.28769  18.0231  0.14119  14.3427  14.7092  15.3175  16.4747  18.0231  19.9504  22.1460  23.7502  24.9440
2    61.5    -1.29433  18.2095  0.14188  14.4793  14.8502  15.4661  16.6386  18.2095  20.1683  22.4045  24.0420  25.2625
2    62.5    -1.30044  18.3970  0.14257  14.6165  14.9918  15.6154  16.8034  18.3970  20.3875  22.6647  24.3357  25.5831
2    63.5    -1.30598  18.5857  0.14325  14.7542  15.1341  15.7654  16.9690  18.5857  20.6080  22.9266  24.6313  25.9059
2    64.5    -1.31094  18.7754  0.14394  14.8924  15.2769  15.9161  17.1356  18.7754  20.8300  23.1903  24.9289  26.2309
2    65.5    -1.31528  18.9663  0.14462  15.0311  15.4202  16.0674  17.3030  18.9663  21.0534  23.4557  25.2286  26.5582
2    66.5    -1.31899  19.1583  0.14531  15.1703  15.5641  16.2194  17.4713  19.1583  21.2783  23.7230  25.5305  26.8879
2    67.5    -1.32203  19.3514  0.14600  15.3097  15.7084  16.3719  17.6403  19.3514  21.5048  23.9923  25.8346  27.2201
2    68.5    -1.32439  19.5458  0.14670  15.4496  15.8531  16.5250  17.8103  19.5458  21.7329  24.2636  26.1411  27.5548
2    69.5    -1.32606  19.7415  0.14741  15.5897  15.9983  16.6787  17.9811  19.7415  21.9627  24.5370  26.4500  27.8921
2    70.5    -1.32702  19.9384  0.14812  15.7301  16.1438  16.8330  18.1528  19.9384  22.1942  24.8128  26.7615  28.2323
2    71.5    -1.32725  20.1366  0.14885  15.8708  16.2897  16.9878  18.3254  20.1366  22.4276  25.0908  27.0757  28.5754
2    72.5    -1.32676  20.3363  0.14958  16.0118  16.4360  17.1432  18.4990  20.3363  22.6629  25.3714  27.3927  28.9216
2    73.5    -1.32553  20.5374  0.15034  16.1531  16.5827  17.2992  18.6735  20.5374  22.9002  25.6546  27.7127  29.2709
2    74.5    -1.32357  20.7401  0.15110  16.2946  16.7298  17.4558  18.8490  20.7401  23.1397  25.9405  28.0357  29.6236
2    75.5    -1.32088  20.9443  0.15188  16.4363  16.8773  17.6130  19.0256  20.9443  23.3814  26.2292  28.3621  29.9798
2    76.5    -1.31746  21.1503  0.15268  16.5784  17.0252  17.7709  19.2033  21.1503  23.6255  26.5210  28.6918  30.3396
2    77.5    -1.31333  21.3579  0.15349  16.7207  17.1736  17.9295  19.3821  21.3579  23.8719  26.8159  29.0251  30.7032
2    78.5    -1.30848  21.5674  0.15432  16.8634  17.3225  18.0888  19.5622  21.5674  24.1210  27.1140  29.3621  31.0708
2    79.5    -1.30294  21.7789  0.15517  17.0065  17.4718  18.2489  19.7435  21.7789  24.3727  27.4156  29.7029  31.4424
2    80.5    -1.29673  21.9923  0.15604  17.1499  17.6217  18.4098  19.9261  21.9923  24.6272  27.7207  30.0478  31.8184
2    81.5    -1.28986  22.2078  0.15692  17.2938  17.7723  18.5717  20.1102  22.2078  24.8846  28.0296  30.3968  32.1988
2    82.5    -1.28235  22.4256  0.15783  17.4382  17.9235  18.7344  20.2958  22.4256  25.1450  28.3423  30.7502  32.5838
2    83.5    -1.27424  22.6456  0.15875  17.5831  18.0753  18.8981  20.4829  22.6456  25.4086  28.6590  31.1080  32.9736
2    84.5    -1.26554  22.8680  0.15969  17.7285  18.2280  19.0630  20.6716  22.8680  25.6754  28.9797  31.4704  33.3683
2    85.5    -1.25629  23.0929  0.16065  17.8746  18.3815  19.2289  20.8621  23.0929  25.9456  29.3048  31.8377  33.7680
2    86.5    -1.24653  23.3203  0.16162  18.0215  18.5359  19.3961  21.0544  23.3203  26.2193  29.6342  32.2098  34.1730
2    87.5    -1.23626  23.5505  0.16261  18.1691  18.6912  19.5645  21.2485  23.5505  26.4966  29.9681  32.5870  34.5833
2    88.5    -1.22555  23.7834  0.16362  18.3175  18.8476  19.7343  21.4446  23.7834  26.7776  30.3067  32.9693  34.9990
2    89.5    -1.21441  24.0191  0.16465  18.4669  19.0051  19.9055  21.6428  24.0191  27.0624  30.6500  33.3569  35.4204
2    90.5    -1.20288  24.2578  0.16568  18.6172  19.1637  20.0782  21.8431  24.2578  27.3511  30.9982  33.7500  35.8474
2    91.5    -1.19100  24.4996  0.16673  18.7687  19.3237  20.2526  22.0456  24.4996  27.6438  31.3513  34.1485  36.2803
2    92.5    -1.17881  24.7445  0.16780  18.9212  19.4850  20.4286  22.2504  24.7445  27.9406  31.7095  34.5527  36.7192
2    93.5    -1.16635  24.9926  0.16887  19.0751  19.6477  20.6063  22.4576  24.9926  28.2416  32.0728  34.9625  37.1640
2    94.5    -1.15365  25.2440  0.16995  19.2302  19.8119  20.7860  22.6673  25.2440  28.5468  32.4413  35.3781  37.6149
2    95.5    -1.14075  25.4988  0.17104  19.3867  19.9778  20.9675  22.8795  25.4988  28.8564  32.8151  35.7996  38.0720
2    96.5    -1.12768  25.7570  0.17214  19.5448  20.1453  21.1511  23.0944  25.7570  29.1704  33.1943  36.2269  38.5353
2    97.5    -1.11449  26.0187  0.17324  19.7044  20.3146  21.3367  23.3120  26.0187  29.4888  33.5788  36.6602  39.0049
2    98.5    -1.10120  26.2840  0.17435  19.8656  20.4857  21.5245  23.5323  26.2840  29.8118  33.9688  37.0995  39.4807
2    99.5    -1.08786  26.5529  0.17546  20.0286  20.6588  21.7146  23.7555  26.5529  30.1393  34.3643  37.5448  39.9629
2   100.5    -1.07450  26.8255  0.17656  20.1935  20.8339  21.9070  23.9816  26.8255  30.4714  34.7652  37.9960  40.4513
2   101.5    -1.06115  27.1019  0.17767  20.3603  21.0111  22.1017  24.2107  27.1019  30.8081  35.1716  38.4533  40.9461
2   102.5    -1.04784  27.3820  0.17877  20.5291  21.1905  22.2990  24.4428  27.3820  31.1494  35.5834  38.9165  41.4471
2   103.5    -1.03462  27.6659  0.17986  20.6999  21.3721  22.4988  24.6780  27.6659  31.4953  36.0007  39.3857  41.9544
2   104.5    -1.02150  27.9536  0.18095  20.8730  21.5561  22.7012  24.9163  27.9536  31.8459  36.4235  39.8608  42.4679
2   105.5    -1.00852  28.2452  0.18203  21.0482  21.7425  22.9063  25.1578  28.2452  32.2010  36.8516  40.3417  42.9875
2   106.5    -0.99570  28.5406  0.18310  21.2258  21.9313  23.1141  25.4025  28.5406  32.5608  37.2850  40.8284  43.5131
2   107.5    -0.98308  28.8398  0.18416  21.4058  22.1227  23.3247  25.6504  28.8398  32.9251  37.7237  41.3208  44.0448
2   108.5    -0.97068  29.1429  0.18520  21.5883  22.3167  23.5381  25.9016  29.1429  33.2939  38.1676  41.8188  44.5822
2   109.5    -0.95852  29.4498  0.18622  21.7733  22.5134  23.7544  26.1561  29.4498  33.6671  38.6165  42.3222  45.1254
2   110.5    -0.94664  29.7604  0.18723  21.9609  22.7128  23.9736  26.4139  29.7604  34.0447  39.0704  42.8310  45.6741
2   111.5    -0.93504  30.0749  0.18821  22.1512  22.9149  24.1958  26.6750  30.0749  34.4267  39.5292  43.3450  46.2283
2   112.5    -0.92375  30.3930  0.18918  22.3442  23.1199  24.4209  26.9394  30.3930  34.8128  39.9926  43.8640  46.7878
2   113.5    -0.91280  30.7149  0.19012  22.5400  23.3277  24.6491  27.2070  30.7149  35.2030  40.4607  44.3879  47.3524
2   114.5    -0.90219  31.0403  0.19104  22.7386  23.5385  24.8803  27.4780  31.0403  35.5972  40.9331  44.9165  47.9218
2   115.5    -0.89196  31.3692  0.19193  22.9400  23.7521  25.1145  27.7522  31.3692  35.9953  41.4098  45.4496  48.4960
2   116.5    -0.88211  31.7016  0.19279  23.1444  23.9687  25.3518  28.0296  31.7016  36.3971  41.8905  45.9870  49.0746
2   117.5    -0.87266  32.0374  0.19363  23.3516  24.1883  25.5921  28.3102  32.0374  36.8025  42.3751  46.5285  49.6575
2   118.5    -0.86363  32.3764  0.19443  23.5619  24.4109  25.8355  28.5940  32.3764  37.2114  42.8634  47.0738  50.2444
2   119.5    -0.85503  32.7186  0.19520  23.7751  24.6365  26.0819  28.8808  32.7186  37.6235  43.3551  47.6227  50.8350
2   120.5    -0.84687  33.0639  0.19594  23.9914  24.8651  26.3313  29.1707  33.0639  38.0387  43.8500  48.1750  51.4291
2   121.5    -0.83917  33.4120  0.19665  24.2106  25.0967  26.5837  29.4635  33.4120  38.4569  44.3478  48.7303  52.0264
2   122.5    -0.83193  33.7630  0.19732  24.4329  25.3313  26.8390  29.7592  33.7630  38.8777  44.8484  49.2884  52.6266
2   123.5    -0.82517  34.1166  0.19796  24.6582  25.5689  27.0973  30.0576  34.1166  39.3011  45.3515  49.8491  53.2295
2   124.5    -0.81890  34.4727  0.19856  24.8865  25.8094  27.3584  30.3588  34.4727  39.7267  45.8567  50.4119  53.8346
2   125.5    -0.81313  34.8311  0.19912  25.1178  26.0529  27.6224  30.6626  34.8311  40.1544  46.3639  50.9767  54.4418
2   126.5    -0.80787  35.1917  0.19964  25.3521  26.2993  27.8891  30.9689  35.1917  40.5840  46.8727  51.5431  55.0506
2   127.5    -0.80312  35.5543  0.20013  25.5894  26.5485  28.1585  31.2776  35.5543  41.0152  47.3828  52.1108  55.6608
2   128.5    -0.79889  35.9187  0.20058  25.8295  26.8005  28.4305  31.5885  35.9187  41.4478  47.8939  52.6795  56.2720
2   129.5    -0.79520  36.2848  0.20098  26.0726  27.0553  28.7051  31.9016  36.2848  41.8814  48.4058  53.2487  56.8839
2   130.5    -0.79204  36.6523  0.20135  26.3185  27.3128  28.9821  32.2167  36.6523  42.3160  48.9181  53.8183  57.4961
2   131.5    -0.78943  37.0211  0.20168  26.5671  27.5729  29.2615  32.5336  37.0211  42.7511  49.4306  54.3879  58.1083
2   132.5    -0.78737  37.3908  0.20197  26.8185  27.8356  29.5432  32.8522  37.3908  43.1865  49.9427  54.9570  58.7201
2   133.5    -0.78587  37.7614  0.20221  27.0726  28.1007  29.8270  33.1725  37.7614  43.6220  50.4544  55.5254  59.3311
2   134.5    -0.78492  38.1326  0.20242  27.3292  28.3682  30.1128  33.4941  38.1326  44.0572  50.9651  56.0927  59.9411
2   135.5    -0.78455  38.5042  0.20259  27.5884  28.6380  30.4006  33.8170  38.5042  44.4920  51.4747  56.6585  60.5496
2   136.5    -0.78475  38.8760  0.20271  27.8500  28.9100  30.6901  34.1409  38.8760  44.9259  51.9827  57.2225  61.1563
2   137.5    -0.78553  39.2477  0.20280  28.1139  29.1841  30.9814  34.4658  39.2477  45.3588  52.4888  57.7844  61.7607
2   138.5    -0.78690  39.6191  0.20284  28.3800  29.4602  31.2742  34.7913  39.6191  45.7902  52.9926  58.3437  62.3627
2   139.5    -0.78885  39.9899  0.20285  28.6483  29.7381  31.5683  35.1174  39.9899  46.2200  53.4940  58.9002  62.9617
2   140.5    -0.79140  40.3600  0.20282  28.9186  30.0177  31.8638  35.4439  40.3600  46.6479  53.9924  59.4534  63.5575
2   141.5    -0.79454  40.7291  0.20274  29.1908  30.2989  32.1603  35.7705  40.7291  47.0735  54.4876  60.0030  64.1497
2   142.5    -0.79829  41.0970  0.20263  29.4648  30.5817  32.4578  36.0971  41.0970  47.4966  54.9792  60.5487  64.7379
2   143.5    -0.80264  41.4633  0.20248  29.7404  30.8657  32.7560  36.4235  41.4633  47.9168  55.4669  61.0902  65.3217
2   144.5    -0.80759  41.8279  0.20229  30.0176  31.1509  33.0549  36.7495  41.8279  48.3339  55.9504  61.6270  65.9010
2   145.5    -0.81317  42.1906  0.20207  30.2961  31.4371  33.3543  37.0748  42.1906  48.7476  56.4294  62.1588  66.4752
2   146.5    -0.81935  42.5510  0.20181  30.5758  31.7242  33.6539  37.3993  42.5510  49.1577  56.9035  62.6854  67.0442
2   147.5    -0.82616  42.9090  0.20151  30.8567  32.0121  33.9536  37.7228  42.9090  49.5637  57.3724  63.2064  67.6075
2   148.5    -0.83358  43.2644  0.20118  31.1384  32.3005  34.2533  38.0451  43.2644  49.9656  57.8359  63.7214  68.1649
2   149.5    -0.84163  43.6168  0.20081  31.4210  32.5893  34.5528  38.3660  43.6168  50.3629  58.2936  64.2303  68.7160
2   150.5    -0.85030  43.9661  0.20041  31.7041  32.8783  34.8518  38.6852  43.9661  50.7555  58.7452  64.7326  69.2606
2   151.5    -0.85960  44.3120  0.19998  31.9877  33.1673  35.1502  39.0027  44.3120  51.1431  59.1905  65.2281  69.7984
2   152.5    -0.86953  44.6543  0.19952  32.2715  33.4563  35.4478  39.3181  44.6543  51.5254  59.6292  65.7166  70.3291
2   153.5    -0.88008  44.9929  0.19902  32.5555  33.7449  35.7445  39.6313  44.9929  51.9022  60.0610  66.1977  70.8525
2   154.5    -0.89127  45.3274  0.19850  32.8394  34.0330  36.0400  39.9420  45.3274  52.2733  60.4857  66.6712  71.3683
2   155.5    -0.90307  45.6577  0.19794  33.1230  34.3205  36.3342  40.2502  45.6577  52.6384  60.9030  67.1368  71.8763
2   156.5    -0.91551  45.9836  0.19736  33.4061  34.6071  36.6268  40.5556  45.9836  52.9974  61.3128  67.5944  72.3763
2   157.5    -0.92856  46.3050  0.19675  33.6887  34.8927  36.9178  40.8580  46.3050  53.3500  61.7147  68.0437  72.8680
2   158.5    -0.94224  46.6215  0.19611  33.9704  35.1771  37.2068  41.1572  46.6215  53.6961  62.1087  68.4846  73.3513
2   159.5    -0.95653  46.9331  0.19545  34.2511  35.4600  37.4938  41.4532  46.9331  54.0354  62.4945  68.9167  73.8259
2   160.5    -0.97144  47.2396  0.19476  34.5306  35.7414  37.7785  41.7456  47.2396  54.3679  62.8719  69.3401  74.2918
2   161.5    -0.98694  47.5408  0.19406  34.8088  36.0210  38.0608  42.0343  47.5408  54.6933  63.2408  69.7544  74.7488
2   162.5    -1.00305  47.8366  0.19333  35.0853  36.2986  38.3405  42.3192  47.8366  55.0115  63.6011  70.1595  75.1966
2   163.5    -1.01974  48.1268  0.19257  35.3602  36.5742  38.6174  42.6001  48.1268  55.3225  63.9526  70.5555  75.6354
2   164.5    -1.03701  48.4114  0.19180  35.6330  36.8473  38.8914  42.8769  48.4114  55.6260  64.2952  70.9420  76.0648
2   165.5    -1.05484  48.6901  0.19102  35.9038  37.1180  39.1623  43.1494  48.6901  55.9220  64.6288  71.3190  76.4848
2   166.5    -1.07323  48.9630  0.19021  36.1722  37.3860  39.4299  43.4176  48.9630  56.2104  64.9534  71.6865  76.8954
2   167.5    -1.09216  49.2299  0.18939  36.4381  37.6512  39.6940  43.6811  49.2299  56.4911  65.2689  72.0444  77.2965
2   168.5    -1.11160  49.4907  0.18855  36.7014  37.9134  39.9546  43.9401  49.4907  56.7642  65.5752  72.3927  77.6881
2   169.5    -1.13155  49.7454  0.18771  36.9618  38.1723  40.2115  44.1943  49.7454  57.0295  65.8724  72.7313  78.0701
2   170.5    -1.15198  49.9939  0.18685  37.2191  38.4280  40.4645  44.4436  49.9939  57.2870  66.1604  73.0602  78.4425
2   171.5    -1.17286  50.2362  0.18598  37.4732  38.6801  40.7135  44.6880  50.2362  57.5368  66.4392  73.3794  78.8054
2   172.5    -1.19418  50.4722  0.18510  37.7240  38.9285  40.9584  44.9273  50.4722  57.7789  66.7089  73.6890  79.1587
2   173.5    -1.21590  50.7019  0.18421  37.9712  39.1732  41.1990  45.1616  50.7019  58.0132  66.9696  73.9890  79.5025
2   174.5    -1.23800  50.9254  0.18332  38.2147  39.4139  41.4353  45.3906  50.9254  58.2399  67.2212  74.2795  79.8368
2   175.5    -1.26044  51.1425  0.18243  38.4544  39.6506  41.6672  45.6145  51.1425  58.4590  67.4640  74.5605  80.1617
2   176.5    -1.28319  51.3535  0.18153  38.6901  39.8830  41.8944  45.8331  51.3535  58.6706  67.6979  74.8322  80.4772
2   177.5    -1.30621  51.5582  0.18063  38.9216  40.1111  42.1170  46.0464  51.5582  58.8747  67.9232  75.0946  80.7836
2   178.5    -1.32946  51.7568  0.17973  39.1489  40.3348  42.3349  46.2544  51.7568  59.0716  68.1400  75.3480  81.0808
2   179.5    -1.35289  51.9492  0.17883  39.3717  40.5539  42.5480  46.4571  51.9492  59.2613  68.3484  75.5924  81.3690
2   180.5    -1.37647  52.1356  0.17794  39.5901  40.7683  42.7562  46.6544  52.1356  59.4440  68.5487  75.8280  81.6483
2   181.5    -1.40015  52.3161  0.17705  39.8038  40.9781  42.9595  46.8464  52.3161  59.6198  68.7410  76.0550  81.9188
2   182.5    -1.42387  52.4907  0.17617  40.0128  41.1830  43.1578  47.0331  52.4907  59.7890  68.9256  76.2736  82.1807
2   183.5    -1.44759  52.6596  0.17530  40.2170  41.3830  43.3511  47.2145  52.6596  59.9517  69.1027  76.4841  82.4342
2   184.5    -1.47124  52.8229  0.17444  40.4162  41.5781  43.5394  47.3907  52.8229  60.1081  69.2725  76.6866  82.6794
2   185.5    -1.49478  52.9807  0.17359  40.6105  41.7682  43.7226  47.5617  52.9807  60.2584  69.4353  76.8814  82.9165
2   186.5    -1.51815  53.1332  0.17276  40.7998  41.9532  43.9007  47.7276  53.1332  60.4030  69.5915  77.0687  83.1457
2   187.5    -1.54128  53.2805  0.17194  40.9840  42.1332  44.0738  47.8884  53.2805  60.5419  69.7412  77.2488  83.3672
2   188.5    -1.56412  53.4228  0.17113  41.1630  42.3080  44.2419  48.0442  53.4228  60.6756  69.8848  77.4221  83.5812
2   189.5    -1.58660  53.5602  0.17035  41.3369  42.4778  44.4049  48.1951  53.5602  60.8042  70.0227  77.5887  83.7879
2   190.5    -1.60865  53.6930  0.16958  41.5055  42.6424  44.5629  48.3413  53.6930  60.9280  70.1551  77.7491  83.9875
2   191.5    -1.63022  53.8213  0.16884  41.6690  42.8020  44.7160  48.4827  53.8213  61.0473  70.2824  77.9034  84.1802
2   192.5    -1.65124  53.9454  0.16812  41.8273  42.9564  44.8643  48.6196  53.9454  61.1624  70.4049  78.0521  84.3663
2   193.5    -1.67165  54.0654  0.16742  41.9804  43.1059  45.0076  48.7521  54.0654  61.2736  70.5231  78.1954  84.5460
2   194.5    -1.69138  54.1815  0.16675  42.1283  43.2503  45.1463  48.8802  54.1815  61.3811  70.6372  78.3337  84.7195
2   195.5    -1.71036  54.2941  0.16611  42.2711  43.3897  45.2802  49.0042  54.2941  61.4854  70.7476  78.4673  84.8871
2   196.5    -1.72854  54.4032  0.16550  42.4088  43.5243  45.4096  49.1241  54.4032  61.5868  70.8548  78.5966  85.0490
2   197.5    -1.74585  54.5092  0.16492  42.5415  43.6540  45.5345  49.2402  54.5092  61.6854  70.9590  78.7218  85.2054
2   198.5    -1.76224  54.6122  0.16436  42.6692  43.7790  45.6550  49.3526  54.6122  61.7817  71.0607  78.8435  85.3566
2   199.5    -1.77764  54.7125  0.16384  42.7921  43.8994  45.7713  49.4615  54.7125  61.8760  71.1601  78.9618  85.5028
2   200.5    -1.79200  54.8104  0.16335  42.9101  44.0152  45.8835  49.5670  54.8104  61.9685  71.2577  79.0771  85.6442
2   201.5    -1.80528  54.9060  0.16290  43.0235  44.1266  45.9917  49.6693  54.9060  62.0596  71.3539  79.1897  85.7811
2   202.5    -1.81741  54.9997  0.16248  43.1322  44.2337  46.0960  49.7687  54.9997  62.1496  71.4489  79.3001  85.9137
2   203.5    -1.82836  55.0917  0.16210  43.2365  44.3366  46.1967  49.8652  55.0917  62.2389  71.5432  79.4084  86.0423
2   204.5    -1.83809  55.1821  0.16175  43.3364  44.4355  46.2938  49.9591  55.1821  62.3276  71.6370  79.5150  86.1670
2   205.5    -1.84655  55.2713  0.16143  43.4321  44.5304  46.3875  50.0506  55.2713  62.4160  71.7307  79.6202  86.2881
2   206.5    -1.85372  55.3595  0.16116  43.5237  44.6216  46.4780  50.1399  55.3595  62.5046  71.8246  79.7243  86.4058
2   207.5    -1.85956  55.4468  0.16092  43.6113  44.7091  46.5654  50.2271  55.4468  62.5934  71.9189  79.8275  86.5202
2   208.5    -1.86406  55.5336  0.16072  43.6952  44.7932  46.6499  50.3125  55.5336  62.6828  72.0140  79.9301  86.6317
2   209.5    -1.86720  55.6200  0.16055  43.7753  44.8740  46.7317  50.3962  55.6200  62.7731  72.1100  80.0323  86.7403
2   210.5    -1.86897  55.7062  0.16042  43.8520  44.9516  46.8109  50.4784  55.7062  62.8643  72.2073  80.1343  86.8462
2   211.5    -1.86937  55.7924  0.16032  43.9253  45.0263  46.8878  50.5593  55.7924  62.9568  72.3059  80.2364  86.9497
2   212.5    -1.86838  55.8789  0.16026  43.9954  45.0981  46.9624  50.6391  55.8789  63.0507  72.4062  80.3386  87.0508
2   213.5    -1.86603  55.9657  0.16024  44.0625  45.1672  47.0349  50.7180  55.9657  63.1461  72.5082  80.4412  87.1498
2   214.5    -1.86232  56.0530  0.16025  44.1267  45.2339  47.1055  50.7960  56.0530  63.2433  72.6120  80.5441  87.2466
2   215.5    -1.85728  56.1409  0.16029  44.1882  45.2981  47.1743  50.8733  56.1409  63.3423  72.7178  80.6476  87.3415
2   216.5    -1.85094  56.2296  0.16036  44.2471  45.3602  47.2415  50.9501  56.2296  63.4431  72.8256  80.7517  87.4346
2   217.5    -1.84333  56.3192  0.16047  44.3036  45.4201  47.3072  51.0264  56.3192  63.5459  72.9354  80.8563  87.5259
2   218.5    -1.83449  56.4096  0.16060  44.3577  45.4781  47.3715  51.1024  56.4096  63.6507  73.0471  80.9616  87.6154
2   219.5    -1.82447  56.5009  0.16076  44.4097  45.5343  47.4346  51.1782  56.5009  63.7574  73.1607  81.0674  87.7034
2   220.5    -1.81334  56.5932  0.16095  44.4596  45.5887  47.4964  51.2537  56.5932  63.8659  73.2762  81.1737  87.7897
2   221.5    -1.80115  56.6863  0.16116  44.5076  45.6415  47.5572  51.3290  56.6863  63.9761  73.3933  81.2803  87.8744
2   222.5    -1.78797  56.7802  0.16139  44.5537  45.6928  47.6169  51.4042  56.7802  64.0880  73.5119  81.3873  87.9576
2   223.5    -1.77390  56.8749  0.16165  44.5981  45.7426  47.6755  51.4791  56.8749  64.2013  73.6317  81.4942  88.0391
2   224.5    -1.75900  56.9700  0.16192  44.6408  45.7909  47.7332  51.5538  56.9700  64.3157  73.7525  81.6010  88.1190
2   225.5    -1.74339  57.0656  0.16220  44.6818  45.8379  47.7898  51.6281  57.0656  64.4311  73.8738  81.7075  88.1972
2   226.5    -1.72715  57.1613  0.16250  44.7212  45.8834  47.8453  51.7018  57.1613  64.5469  73.9954  81.8132  88.2736
2   227.5    -1.71041  57.2567  0.16281  44.7590  45.9275  47.8997  51.7749  57.2567  64.6628  74.1167  81.9180  88.3481
2   228.5    -1.69326  57.3517  0.16313  44.7952  45.9700  47.9528  51.8472  57.3517  64.7783  74.2374  82.0213  88.4206
2   229.5    -1.67585  57.4457  0.16346  44.8296  46.0110  48.0044  51.9182  57.4457  64.8930  74.3568  82.1230  88.4910
2   230.5    -1.65830  57.5384  0.16379  44.8623  46.0504  48.0545  51.9878  57.5384  65.0061  74.4743  82.2224  88.5590
2   231.5    -1.64074  57.6291  0.16411  44.8932  46.0878  48.1027  52.0555  57.6291  65.1172  74.5893  82.3192  88.6245
2   232.5    -1.62333  57.7172  0.16444  44.9220  46.1232  48.1488  52.1209  57.7172  65.2253  74.7012  82.4129  88.6873
2   233.5    -1.60620  57.8022  0.16477  44.9486  46.1563  48.1924  52.1836  57.8022  65.3298  74.8090  82.5028  88.7471
2   234.5    -1.58953  57.8833  0.16508  44.9728  46.1867  48.2332  52.2430  57.8833  65.4297  74.9121  82.5885  88.8038
2   235.5    -1.57346  57.9596  0.16539  44.9942  46.2143  48.2706  52.2984  57.9596  65.5241  75.0095  82.6692  88.8569
2   236.5    -1.55817  58.0303  0.16569  45.0126  46.2385  48.3043  52.3492  58.0303  65.6121  75.1004  82.7444  88.9063
2   237.5    -1.54384  58.0945  0.16598  45.0275  46.2589  48.3336  52.3946  58.0945  65.6925  75.1836  82.8134  88.9516
2   238.5    -1.53064  58.1510  0.16626  45.0385  46.2749  48.3579  52.4337  58.1510  65.7641  75.2583  82.8754  88.9925
2   239.5    -1.51875  58.1987  0.16652  45.0450  46.2861  48.3765  52.4657  58.1987  65.8257  75.3232  82.9297  89.0286
2   240.0    -1.51336  58.2189  0.16664  45.0465  46.2896  48.3834  52.4787  58.2189  65.8523  75.3516  82.9537  89.0448