Sex Agemos   L        M        S        P3       P5       P10      P25      P50      P75      P90      P95      P97
1    60.5     1.26636 109.1751  0.04259 100.3318 101.4523 103.1712 106.0265 109.1751 112.2998 115.0924 116.755  117.8314
1    61.5     1.27360 109.7196  0.04269 100.8077 101.9372 103.6697 106.5472 109.7196 112.8671 115.6795 117.3536 118.4374
1    62.5     1.27699 110.2631  0.04279 101.2843 102.4225 104.1682 107.0673 110.2631 113.4335 116.2661 117.9521 119.0435
1    63.5     1.27670 110.8058  0.04289 101.7618 102.9082 104.6666 107.5868 110.8058 113.9992 116.8522 118.5505 119.6498
1    64.5     1.27288 111.3477  0.04299 102.2401 103.3945 105.1651 108.1058 111.3477 114.5641 117.4380 119.1487 120.2562
1    65.5     1.26572 111.8890  0.04308 102.7195 103.8814 105.6638 108.6244 111.8890 115.1284 118.0234 119.7469 120.8627
1    66.5     1.25540 112.4296  0.04318 103.2000 104.3690 106.1627 109.1427 112.4296 115.6921 118.6084 120.3450 121.4694
1    67.5     1.24209 112.9696  0.04327 103.6815 104.8574 106.6619 109.6607 112.9696 116.2551 119.1931 120.9430 122.0761
1    68.5     1.22598 113.5090  0.04335 104.1642 105.3466 107.1614 110.1785 113.5090 116.8176 119.7774 121.5408 122.6829
1    69.5     1.20726 114.0479  0.04344 104.6479 105.8364 107.6611 110.6960 114.0479 117.3794 120.3613 122.1384 123.2897
1    70.5     1.18614 114.5861  0.04352 105.1326 106.3270 108.1612 111.2132 114.5861 117.9407 120.9447 122.7359 123.8965
1    71.5     1.16279 115.1238  0.04359 105.6183 106.8182 108.6614 111.7302 115.1238 118.5012 121.5277 123.3330 124.5031
1    72.5     1.13744 115.6609  0.04367 106.1048 107.3099 109.1619 112.2469 115.6609 119.0611 122.1101 123.9297 125.1095
1    73.5     1.11028 116.1973  0.04374 106.5921 107.8021 109.6624 112.7631 116.1973 119.6203 122.6918 124.5260 125.7156
1    74.5     1.08153 116.7329  0.04381 107.0799 108.2946 110.1629 113.2789 116.7329 120.1786 123.2729 125.1217 126.3212
1    75.5     1.05140 117.2678  0.04388 107.5682 108.7873 110.6633 113.7942 117.2678 120.7361 123.8532 125.7168 126.9263
1    76.5     1.02010 117.8018  0.04394 108.0566 109.2801 111.1634 114.3089 117.8018 121.2926 124.4327 126.3111 127.5307
1    77.5     0.98784 118.3348  0.04400 108.5451 109.7727 111.6631 114.8229 118.3348 121.848  125.0111 126.9045 128.1344
1    78.5     0.95485 118.8668  0.04406 109.0335 110.2649 112.1623 115.3360 118.8668 122.4024 125.5884 127.4969 128.7371
1    79.5     0.92133 119.3977  0.04412 109.5214 110.7566 112.6608 115.8481 119.3977 122.9555 126.1646 128.0882 129.3387
1    80.5     0.88750 119.9272  0.04418 110.0086 111.2476 113.1583 116.3592 119.9272 123.5073 126.7394 128.6782 129.9391
1    81.5     0.85357 120.4554  0.04424 110.4950 111.7375 113.6548 116.8690 120.4554 124.0576 127.3128 129.2668 130.5381
1    82.5     0.81975 120.9821  0.04429 110.9801 112.2263 114.1499 117.3774 120.9821 124.6064 127.8846 129.8538 131.1356
1    83.5     0.78624 121.5072  0.04435 111.4638 112.7135 114.6436 117.8842 121.5072 125.1535 128.4547 130.4392 131.7314
1    84.5     0.75324 122.0305  0.04440 111.9459 113.1991 115.1356 118.3893 122.0305 125.6987 129.0230 131.0226 132.3253
1    85.5     0.72094 122.5520  0.04445 112.4259 113.6827 115.6257 118.8926 122.5520 126.2421 129.5893 131.6041 132.9172
1    86.5     0.68951 123.0714  0.04451 112.9036 114.1642 116.1136 119.3938 123.0714 126.7834 130.1535 132.1834 133.5070
1    87.5     0.65914 123.5886  0.04456 113.3789 114.6431 116.5992 119.8927 123.5886 127.3225 130.7154 132.7605 134.0943
1    88.5     0.62999 124.1035  0.04462 113.8513 115.1194 117.0822 120.3893 124.1035 127.8594 131.2750 133.3350 134.6792
1    89.5     0.60220 124.6160  0.04467 114.3206 115.5927 117.5625 120.8833 124.6160 128.3937 131.8321 133.9070 135.2615
1    90.5     0.57590 125.1259  0.04473 114.7867 116.0629 118.0398 121.3746 125.1259 128.9256 132.3865 134.4763 135.8409
1    91.5     0.55123 125.6331  0.04479 115.2491 116.5297 118.5139 121.8630 125.6331 129.4547 132.9381 135.0426 136.4173
1    92.5     0.52828 126.1374  0.04485 115.7077 116.9928 118.9847 122.3483 126.1374 129.9810 133.4868 135.6060 136.9906
1    93.5     0.50714 126.6388  0.04492 116.1623 117.4521 119.4519 122.8305 126.6388 130.5044 134.0325 136.1662 137.5607
1    94.5     0.48789 127.1370  0.04498 116.6127 117.9074 119.9153 123.3092 127.1370 131.0247 134.5751 136.7231 138.1274
1    95.5     0.47059 127.6320  0.04505 117.0587 118.3585 120.3749 123.7845 127.6320 131.5419 135.1144 137.2767 138.6906
1    96.5     0.45526 128.1237  0.04512 117.5000 118.8053 120.8305 124.2562 128.1237 132.0559 135.6504 137.8267 139.2502
1    97.5     0.44194 128.6119  0.04520 117.9366 119.2475 121.2819 124.7242 128.6119 132.5664 136.1829 138.3731 139.8060
1    98.5     0.43062 129.0966  0.04527 118.3683 119.6851 121.7290 125.1882 129.0966 133.0736 136.7118 138.9159 140.3580
1    99.5     0.42129 129.5777  0.04535 118.7949 120.1179 122.1716 125.6484 129.5777 133.5771 137.2371 139.4548 140.9062
1   100.5     0.41391 130.0550  0.04544 119.2165 120.5459 122.6099 126.1045 130.0550 134.0771 137.7587 139.9899 141.4503
1   101.5     0.40842 130.5286  0.04552 119.6330 120.9690 123.0435 126.5565 130.5286 134.5734 138.2765 140.5211 141.9904
1   102.5     0.40477 130.9983  0.04561 120.0442 121.3872 123.4726 127.0044 130.9983 135.0660 138.7905 141.0484 142.5263
1   103.5     0.40287 131.4641  0.04571 120.4502 121.8004 123.8970 127.4481 131.4641 135.5548 139.3006 141.5716 143.0582
1   104.5     0.40262 131.9260  0.04580 120.8510 122.2086 124.3168 127.8876 131.9260 136.0397 139.8069 142.0908 143.5860
1   105.5     0.40391 132.3840  0.04590 121.2467 122.6119 124.7319 128.3228 132.3840 136.5209 140.3093 142.6061 144.1096
1   106.5     0.40660 132.8381  0.04600 121.6372 123.0103 125.1425 128.7539 132.8381 136.9982 140.8077 143.1173 144.6291
1   107.5     0.41058 133.2882  0.04611 122.0228 123.4039 125.5485 129.1807 133.2882 137.4717 141.3023 143.6245 145.1445
1   108.5     0.41568 133.7345  0.04621 122.4034 123.7928 125.9501 129.6035 133.7345 137.9414 141.7930 144.1278 145.6560
1   109.5     0.42176 134.1769  0.04632 122.7793 124.1771 126.3473 130.0222 134.1769 138.4073 142.2800 144.6272 146.1634
1   110.5     0.42866 134.6155  0.04643 123.1506 124.5569 126.7402 130.4369 134.6155 138.8696 142.7632 145.1228 146.6671
1   111.5     0.43620 135.0504  0.04654 123.5175 124.9325 127.1291 130.8477 135.0504 139.3282 143.2428 145.6148 147.1670
1   112.5     0.44423 135.4818  0.04666 123.8803 125.3040 127.5140 131.2548 135.4818 139.7833 143.7188 146.1032 147.6633
1   113.5     0.45256 135.9097  0.04678 124.2391 125.6717 127.8953 131.6584 135.9097 140.2350 144.1915 146.5882 148.1562
1   114.5     0.46103 136.3343  0.04689 124.5943 126.0358 128.2730 132.0585 136.3343 140.6835 144.6610 147.0699 148.6459
1   115.5     0.46946 136.7557  0.04701 124.9462 126.3966 128.6474 132.4555 136.7557 141.1289 145.1273 147.5486 149.1325
1   116.5     0.47770 137.1742  0.04713 125.2950 126.7544 129.0189 132.8495 137.1742 141.5713 145.5909 148.0245 149.6163
1   117.5     0.48558 137.5899  0.04725 125.6413 127.1096 129.3876 133.2407 137.5899 142.0111 146.0518 148.4979 150.0977
1   118.5     0.49294 138.0032  0.04737 125.9852 127.4624 129.7540 133.6295 138.0032 142.4484 146.5103 148.9689 150.5767
1   119.5     0.49965 138.4143  0.04749 126.3272 127.8132 130.1183 134.0161 138.4143 142.8835 146.9668 149.4380 151.0539
1   120.5     0.50556 138.8234  0.04761 126.6678 128.1625 130.4809 134.4008 138.8234 143.3168 147.4214 149.9053 151.5294
1   121.5     0.51055 139.231   0.04772 127.0073 128.5106 130.8422 134.7841 139.2310 143.7484 147.8747 150.3714 152.0038
1   122.5     0.51452 139.6373  0.04784 127.3462 128.8579 131.2026 135.1663 139.6373 144.1789 148.3268 150.8365 152.4773
1   123.5     0.51738 140.0427  0.04796 127.6851 129.2051 131.5625 135.5477 140.0427 144.6085 148.7782 151.3010 152.9504
1   124.5     0.51904 140.4477  0.04807 128.0243 129.5524 131.9224 135.9288 140.4477 145.0377 149.2294 151.7655 153.4235
1   125.5     0.51945 140.8527  0.04819 128.3643 129.9004 132.2828 136.3101 140.8527 145.4669 149.6808 152.2303 153.8972
1   126.5     0.51858 141.2582  0.04830 128.7058 130.2496 132.6441 136.6920 141.2582 145.8965 150.1329 152.6960 154.3718
1   127.5     0.51643 141.6646  0.04841 129.0491 130.6005 133.0068 137.0750 141.6646 146.3272 150.5861 153.1631 154.8480
1   128.5     0.51300 142.0725  0.04852 129.3949 130.9536 133.3714 137.4597 142.0725 146.7593 151.0410 153.6321 155.3263
1   129.5     0.50835 142.4824  0.04863 129.7436 131.3094 133.7386 137.8466 142.4824 147.1936 151.4982 154.1035 155.8072
1   130.5     0.50254 142.8949  0.04873 130.0958 131.6686 134.1089 138.2362 142.8949 147.6305 151.9583 154.5780 156.2913
1   131.5     0.49569 143.3107  0.04883 130.4520 132.0316 134.4828 138.6292 143.3107 148.0707 152.4218 155.0562 156.7792
1   132.5     0.48793 143.7304  0.04893 130.8127 132.3990 134.8608 139.0262 143.7304 148.5147 152.8894 155.5386 157.2715
1   133.5     0.47945 44.15450  0.04903 131.1785 132.7714 135.2437 139.4278 144.1545 148.9633 153.3617 156.0258 157.7688
1   134.5     0.47043 144.5838  0.04913 131.5498 133.1491 135.6318 139.8346 144.5838 149.4172 153.8394 156.5186 158.2717
1   135.5     0.46114 145.0190  0.04922 131.9272 133.5329 136.0260 140.2472 145.0190 149.8769 154.3230 157.0174 158.7806
1   136.5     0.45185 145.4607  0.04931 132.3110 133.9232 136.4266 140.6664 145.4607 150.3433 154.8133 157.5229 159.2964
1   137.5     0.44288 145.9097  0.04940 132.7018 134.3205 136.8343 141.0928 145.9097 150.8169 155.3109 158.0356 159.8193
1   138.5     0.43457 146.3665  0.04948 133.1000 134.7252 137.2496 141.5269 146.3665 151.2984 155.8164 158.5562 160.3500
1   139.5     0.42730 146.8320  0.04957 133.5059 135.1378 137.6730 141.9694 146.8320 151.7885 156.3303 159.0851 160.8890
1   140.5     0.42146 147.3066  0.04965 133.9199 135.5588 138.1050 142.4209 147.3066 152.2878 156.8532 159.6228 161.4365
1   141.5     0.41747 147.7911  0.04973 134.3423 135.9885 138.5461 142.8820 147.7911 152.7969 157.3857 160.1697 161.9930
1   142.5     0.41577 148.2859  0.04980 134.7733 136.4271 138.9968 143.3532 148.2859 153.3164 157.9280 160.7262 162.5588
1   143.5     0.41677 148.7917  0.04987 135.2132 136.8751 139.4573 143.8350 148.7917 153.8466 158.4807 161.2924 163.1339
1   144.5     0.42091 149.3088  0.04994 135.6621 137.3326 139.9280 144.3277 149.3088 154.3881 159.0439 161.8686 163.7185
1   145.5     0.42860 149.8376  0.05001 136.1202 137.7998 140.4091 144.8317 149.8376 154.9410 159.6179 162.4549 164.3126
1   146.5     0.44021 150.3784  0.05007 136.5875 138.2769 140.9009 145.3473 150.3784 155.5056 160.2026 163.0511 164.9160
1   147.5     0.45609 150.9313  0.05013 137.0640 138.7638 141.4034 145.8746 150.9313 156.0819 160.7981 163.6571 165.5285
1   148.5     0.47653 151.4964  0.05018 137.5496 139.2605 141.9167 146.4137 151.4964 156.6699 161.4041 164.2726 166.1497
1   149.5     0.50176 152.0735  0.05023 138.0442 139.7670 142.4407 146.9645 152.0735 157.2694 162.0203 164.8972 166.7791
1   150.5     0.53195 152.6624  0.05027 138.5477 140.2831 142.9752 147.5269 152.6624 157.8800 162.6462 165.5302 167.4160
1   151.5     0.56718 153.2627  0.05030 139.0597 140.8085 143.5200 148.1005 153.2627 158.5012 163.2811 166.1711 168.0596
1   152.5     0.60745 153.8738  0.05033 139.5799 141.3429 144.0746 148.6849 153.8738 159.1324 163.9243 166.8187 168.7091
1   153.5     0.65270 154.4951  0.05034 140.1080 141.8859 144.6388 149.2795 154.4951 159.7725 164.5748 167.4723 169.3634
1   154.5     0.70276 155.1255  0.05035 140.6435 142.4369 145.2117 149.8836 155.1255 160.4207 165.2314 168.1305 170.0213
1   155.5     0.75737 155.7642  0.05035 141.1858 142.9955 145.7928 150.4962 155.7642 161.0758 165.8930 168.7923 170.6817
1   156.5     0.81624 156.4099  0.05033 141.7345 143.5608 146.3813 151.1165 156.4099 161.7364 166.5581 169.4561 171.3430
1   157.5     0.87894 157.0612  0.05030 142.2889 144.1322 146.9763 151.7433 157.0612 162.4010 167.2253 170.1205 172.0040
1   158.5     0.94505 157.7168  0.05025 142.8482 144.7089 147.5767 152.3754 157.7168 163.0682 167.8929 170.7840 172.6630
1   159.5     1.01404 158.3751  0.05020 143.4118 145.2900 148.1815 153.0113 158.3751 163.7363 168.5594 171.4450 173.3186
1   160.5     1.08538 159.0344  0.05012 143.9788 145.8746 148.7896 153.6498 159.0344 164.4035 169.2231 172.1018 173.9691
1   161.5     1.15848 159.6931  0.05003 144.5483 146.4615 149.3998 154.2892 159.6931 165.0681 169.8822 172.7528 174.6131
1   162.5     1.23276 160.3493  0.04992 145.1196 147.0498 150.0107 154.9280 160.3493 165.7283 170.5350 173.3965 175.2490
1   163.5     1.30762 161.0015  0.04980 145.6915 147.6385 150.6210 155.5647 161.0015 166.3823 171.1798 174.0312 175.8753
1   164.5     1.38247 161.6478  0.04966 146.2633 148.2262 151.2295 156.1977 161.6478 167.0284 171.8151 174.6554 176.4906
1   165.5     1.45672 162.2865  0.04950 146.8339 148.8120 151.8348 156.8253 162.2865 167.6650 172.4393 175.2677 177.0935
1   166.5     1.52981 162.9161  0.04933 147.4023 149.3947 152.4355 157.4462 162.9161 168.2905 173.0509 175.8668 177.6829
1   167.5     1.60122 163.5350  0.04914 147.9674 149.9731 153.0304 158.0587 163.5350 168.9033 173.6486 176.4515 178.2575
1   168.5     1.67043 164.1418  0.04894 148.5284 150.5461 153.6181 158.6615 164.1418 169.5022 174.2313 177.0206 178.8165
1   169.5     1.73699 164.7352  0.04873 149.0842 151.1127 154.1975 159.2532 164.7352 170.0859 174.7978 177.5733 179.3589
1   170.5     1.80048 165.3140  0.04850 149.6338 151.6717 154.7674 159.8327 165.3140 170.6535 175.3473 178.1088 179.8840
1   171.5     1.86051 165.8771  0.04826 150.1763 152.2221 155.3268 160.3988 165.8771 171.2039 175.8790 178.6264 180.3913
1   172.5     1.91676 166.4236  0.04802 150.7107 152.7630 155.8746 160.9506 166.4236 171.7364 176.3923 179.1256 180.8804
1   173.5     1.96893 166.9528  0.04776 151.2363 153.2935 156.4099 161.4872 166.9528 172.2504 176.8868 179.6061 181.3509
1   174.5     2.01678 167.4641  0.04750 151.7521 153.8127 156.9319 162.0078 167.4641 172.7455 177.3622 180.0676 181.8027
1   175.5     2.06011 167.9571  0.04724 152.2575 154.3200 157.4399 162.5118 167.9571 173.2213 177.8183 180.5102 182.2358
1   176.5     2.09876 168.4313  0.04697 152.7517 154.8147 157.9334 162.9988 168.4313 173.6778 178.2551 180.9338 182.6503
1   177.5     2.13264 168.8867  0.04670 153.2342 155.2961 158.4118 163.4685 168.8867 174.1148 178.6727 181.3385 183.0463
1   178.5     2.16167 169.3231  0.04643 153.7043 155.7638 158.8747 163.9205 169.3231 174.5324 179.0712 181.7247 183.4242
1   179.5     2.18585 169.7405  0.04615 154.1615 156.2174 159.3218 164.3547 169.7405 174.9309 179.4510 182.0927 183.7842
1   180.5     2.20518 170.1393  0.04589 154.6056 156.6566 159.7529 164.7713 170.1393 175.3105 179.8124 182.4429 184.1270
1   181.5     2.21972 170.5195  0.04562 155.0360 157.0811 160.1680 165.1701 170.5195 175.6716 180.1559 182.7757 184.4528
1   182.5     2.22959 170.8815  0.04536 155.4526 157.4907 160.5669 165.5514 170.8815 176.0146 180.4820 183.0918 184.7624
1   183.5     2.23490 171.2257  0.04510 155.8552 157.8853 160.9498 165.9154 171.2257 176.3400 180.7912 183.3916 185.0562
1   184.5     2.23583 171.5525  0.04484 156.2436 158.2650 161.3167 166.2625 171.5525 176.6483 181.0841 183.6757 185.3349
1   185.5     2.23256 171.8626  0.04460 156.6178 158.6298 161.6679 166.5929 171.8626 176.9402 181.3614 183.9449 185.5990
1   186.5     2.22532 172.1563  0.04436 156.9777 158.9798 162.0035 166.9072 172.1563 177.2163 181.6236 184.1997 185.8493
1   187.5     2.21435 172.4343  0.04413 157.3235 159.3150 162.3239 167.2057 172.4343 177.4771 181.8715 184.4408 186.0863
1   188.5     2.19990 172.6972  0.04390 157.6551 159.6359 162.6294 167.4890 172.6972 177.7234 182.1056 184.6687 186.3107
1   189.5     2.18226 172.9456  0.04368 157.9729 159.9425 162.9204 167.7576 172.9456 177.9558 182.3267 184.8843 186.5231
1   190.5     2.16170 173.1801  0.04347 158.2770 160.2352 163.1973 168.0120 173.1801 178.1750 182.5353 185.0879 186.7240
1   191.5     2.13852 173.4014  0.04327 158.5676 160.5143 163.4605 168.2528 173.4014 178.3815 182.7322 185.2804 186.9142
1   192.5     2.11302 173.6101  0.04308 158.8450 160.7802 163.7104 168.4805 173.6101 178.5762 182.9179 185.4623 187.0941
1   193.5     2.08549 173.8067  0.04290 159.1095 161.0332 163.9476 168.6958 173.8067 178.7595 183.0931 185.6341 187.2643
1   194.5     2.05622 173.9920  0.04272 159.3614 161.2738 164.1725 168.8991 173.9920 178.9321 183.2583 185.7965 187.4254
1   195.5     2.02549 174.1665  0.04255 159.6011 161.5023 164.3856 169.0911 174.1665 179.0946 183.4140 185.9498 187.5779
1   196.5     1.99359 174.3308  0.04240 159.8290 161.7191 164.5873 169.2722 174.3308 179.2476 183.5609 186.0948 187.7222
1   197.5     1.96078 174.4854  0.04225 160.0455 161.9247 164.7782 169.4431 174.4854 179.3915 183.6995 186.2318 187.8588
1   198.5     1.92732 174.6310  0.04210 160.2508 162.1196 164.9587 169.6041 174.6310 179.5271 183.8302 186.3613 187.9881
1   199.5     1.89343 174.7680  0.04197 160.4456 162.3041 165.1292 169.7560 174.7680 179.6547 183.9535 186.4837 188.1106
1   200.5     1.85933 174.8969  0.04184 160.6300 162.4786 165.2903 169.8991 174.8969 179.7748 184.0699 186.5995 188.2267
1   201.5     1.82524 175.0182  0.04172 160.8046 162.6437 165.4424 170.0339 175.0182 179.8880 184.1797 186.7091 188.3368
1   202.5     1.79133 175.1323  0.04161 160.9697 162.7997 165.5860 170.1608 175.1323 179.9946 184.2835 186.8128 188.4411
1   203.5     1.75778 175.2398  0.04150 161.1258 162.9470 165.7214 170.2804 175.2398 180.0950 184.3815 186.9110 188.5400
1   204.5     1.72473 175.3410  0.04140 161.2733 163.0860 165.8491 170.3931 175.3410 180.1896 184.4741 187.0040 188.6338
1   205.5     1.69232 175.4362  0.04131 161.4125 163.2172 165.9694 170.4991 175.4362 180.2789 184.5617 187.0922 188.7229
1   206.5     1.66066 175.5259  0.04122 161.5438 163.3409 166.0828 170.5990 175.5259 180.3631 184.6446 187.1757 188.8075
1   207.5     1.62984 175.6104  0.04114 161.6676 163.4575 166.1897 170.6930 175.6104 180.4426 184.7230 187.2550 188.8878
1   208.5     1.59996 175.6901  0.04107 161.7843 163.5673 166.2903 170.7816 175.6901 180.5176 184.7972 187.3302 188.9642
1   209.5     1.57108 175.7652  0.04100 161.8942 163.6708 166.3851 170.8650 175.7652 180.5885 184.8676 187.4016 189.0368
1   210.5     1.54325 175.8360  0.04093 161.9977 163.7682 166.4743 170.9436 175.8360 180.6555 184.9343 187.4694 189.1058
1   211.5     1.51652 175.9028  0.04087 162.0951 163.8598 166.5583 171.0176 175.9028 180.7189 184.9975 187.5338 189.1715
1   212.5     1.49091 175.9658  0.04082 162.1866 163.9461 166.6373 171.0873 175.9658 180.7789 185.0576 187.5951 189.2340
1   213.5     1.46645 176.0254  0.04077 162.2727 164.0272 166.7116 171.1529 176.0254 180.8357 185.1146 187.6534 189.2936
1   214.5     1.44314 176.0816  0.04072 162.3537 164.1034 166.7816 171.2148 176.0816 180.8895 185.1687 187.7088 189.3503
1   215.5     1.42099 176.1348  0.04068 162.4297 164.1751 166.8474 171.2732 176.1348 180.9405 185.2202 187.7617 189.4044
1   216.5     1.39999 176.1850  0.04064 162.5011 164.2424 166.9094 171.3282 176.1850 180.9889 185.2692 187.8120 189.4560
1   217.5     1.38014 176.2326  0.04060 162.5681 164.3057 166.9676 171.3801 176.2326 181.0348 185.3159 187.8600 189.5052
1   218.5     1.36140 176.2776  0.04057 162.6310 164.3651 167.0224 171.4290 176.2776 181.0784 185.3603 187.9057 189.5522
1   219.5     1.34376 176.3202  0.04054 162.6900 164.4209 167.0740 171.4752 176.3202 181.1199 185.4026 187.9494 189.5971
1   220.5     1.32719 176.3606  0.04052 162.7453 164.4733 167.1224 171.5188 176.3606 181.1593 185.4430 187.9911 189.6399
1   221.5     1.31166 176.3989  0.04049 162.7972 164.5224 167.1680 171.5599 176.3989 181.1968 185.4815 188.0309 189.6809
1   222.5     1.29714 176.4352  0.04047 162.8458 164.5686 167.2109 171.5988 176.4352 181.2325 185.5182 188.0690 189.7201
1   223.5     1.28360 176.4697  0.04045 162.8914 164.6119 167.2513 171.6355 176.4697 181.2666 185.5534 188.1054 189.7575
1   224.5     1.27099 176.5024  0.04043 162.9341 164.6526 167.2892 171.6701 176.5024 181.2990 185.5869 188.1402 189.7934
1   225.5     1.25928 176.5335  0.04042 162.9741 164.6907 167.3250 171.7029 176.5335 181.3300 185.6190 188.1736 189.8277
1   226.5     1.24843 176.5630  0.04041 163.0115 164.7265 167.3585 171.7339 176.5630 181.3595 185.6497 188.2055 189.8606
1   227.5     1.23840 176.5911  0.04040 163.0465 164.7600 167.3902 171.7632 176.5911 181.3877 185.6791 188.2360 189.8922
1   228.5     1.22916 176.6179  0.04039 163.0793 164.7915 167.4199 171.7910 176.6179 181.4147 185.7073 188.2653 189.9224
1   229.5     1.22066 176.6433  0.04038 163.1100 164.8210 167.4479 171.8172 176.6433 181.4405 185.7343 188.2934 189.9513
1   230.5     1.21286 176.6676  0.04037 163.1387 164.8487 167.4742 171.8421 176.6676 181.4651 185.7601 188.3204 189.9791
1   231.5     1.20574 176.6907  0.04037 163.1656 164.8746 167.4990 171.8657 176.6907 181.4887 185.7849 188.3462 190.0058
1   232.5     1.19925 176.7127  0.04036 163.1907 164.8989 167.5224 171.8880 176.7127 181.5113 185.8087 188.3711 190.0314
1   233.5     1.19335 176.7337  0.04036 163.2142 164.9217 167.5444 171.9091 176.7337 181.5330 185.8316 188.3949 190.0560
1   234.5     1.18802 176.7538  0.04036 163.2361 164.9431 167.5651 171.9292 176.7538 181.5538 185.8535 188.4178 190.0797
1   235.5     1.18321 176.7730  0.04036 163.2566 164.9631 167.5846 171.9483 176.7730 181.5737 185.8746 188.4399 190.1024
1   236.5     1.17890 176.7913  0.04036 163.2757 164.9819 167.6029 171.9663 176.7913 181.5928 185.8949 188.4610 190.1242
1   237.5     1.17505 176.8088  0.04036 163.2936 164.9995 167.6203 171.9835 176.8088 181.6111 185.9144 188.4814 190.1452
1   238.5     1.17164 176.8255  0.04036 163.3103 165.0160 167.6366 171.9998 176.8255 181.6287 185.9331 188.5010 190.1654
1   239.5     1.16863 176.8415  0.04036 163.3259 165.0315 167.6519 172.0153 176.8415 181.6456 185.9512 188.5198 190.1849
1   240.0     1.16727 176.8492  0.04037 163.3333 165.0389 167.6593 172.0227 176.8492 181.6538 185.9599 188.5290 190.1943
2    60.5    -0.05773 107.9566  0.04427  99.3504 100.3891 102.0109 104.7829 107.9566 111.2321 114.2701 116.1301 117.3552
2    61.5    -0.07721 108.5436  0.04434  99.8847 100.9289 102.5599 105.3488 108.5436 111.8431 114.9052 116.7808 118.0166
2    62.5    -0.09572 109.1316  0.04441 100.4198 101.4696 103.1098 105.9156 109.1316 112.4548 115.5408 117.4320 118.6783
2    63.5    -0.11323 109.7202  0.04447 100.9555 102.0110 103.6604 106.4831 109.7202 113.0671 116.1768 118.0834 119.3402
2    64.5    -0.12967 110.3092  0.04453 101.4916 102.5529 104.2115 107.0512 110.3092 113.6797 116.8130 118.7348 120.0019
2    65.5    -0.14500 110.8984  0.04459 102.0279 103.0948 104.7628 107.6194 110.8984 114.2923 117.4490 119.3858 120.6632
2    66.5    -0.15920 111.4876  0.04465 102.5640 103.6367 105.3141 108.1877 111.4876 114.9048 118.0845 120.0362 121.3238
2    67.5    -0.17222 112.0764  0.04470 103.0996 104.1782 105.8650 108.7556 112.0764 115.5167 118.7193 120.6857 121.9832
2    68.5    -0.18405 112.6646  0.04476 103.6346 104.7191 106.4154 109.3230 112.6646 116.1278 119.3531 121.3340 122.6413
2    69.5    -0.19466 113.2519  0.04481 104.1685 105.2590 106.9648 109.8895 113.2519 116.7379 119.9855 121.9807 123.2977
2    70.5    -0.20403 113.8380  0.04486 104.7012 105.7976 107.5131 110.4549 113.8380 117.3466 120.6163 122.6256 123.9521
2    71.5    -0.21217 114.4226  0.04491 105.2323 106.3348 108.0599 111.0189 114.4226 117.9537 121.2452 123.2684 124.6042
2    72.5    -0.21907 115.0055  0.04496 105.7615 106.8701 108.6050 111.5812 115.0055 118.5588 121.8718 123.9086 125.2536
2    73.5    -0.22472 115.5863  0.04501 106.2886 107.4033 109.1480 112.1415 115.5863 119.1616 122.4959 124.5461 125.9000
2    74.5    -0.22914 116.1648  0.04505 106.8132 107.9342 109.6888 112.6996 116.1648 119.7619 123.1171 125.1804 126.5432
2    75.5    -0.23234 116.7406  0.04510 107.3351 108.4624 110.2270 113.2550 116.7406 120.3594 123.7352 125.8114 127.1827
2    76.5    -0.23432 117.3136  0.04514 107.8541 108.9877 110.7623 113.8077 117.3136 120.9537 124.3499 126.4387 127.8184
2    77.5    -0.23513 117.8833  0.04518 108.3698 109.5099 111.2944 114.3572 117.8833 121.5447 124.9608 127.0620 128.4500
2    78.5    -0.23477 118.4496  0.04522 108.8820 110.0285 111.8232 114.9034 118.4496 122.1320 125.5678 127.6811 129.0771
2    79.5    -0.23329 119.0123  0.04526 109.3905 110.5435 112.3483 115.4460 119.0123 122.7154 126.1705 128.2957 129.6996
2    80.5    -0.23070 119.5710  0.04530 109.8949 111.0545 112.8696 115.9847 119.5710 123.2946 126.7688 128.9056 130.3171
2    81.5    -0.22706 120.1254  0.04534 110.3952 111.5613 113.3867 116.5193 120.1254 123.8695 127.3623 129.5105 130.9295
2    82.5    -0.22240 120.6755  0.04538 110.8909 112.0638 113.8995 117.0496 120.6755 124.4397 127.9510 130.1103 131.5365
2    83.5    -0.21677 121.2210  0.04542 111.3821 112.5616 114.4077 117.5754 121.2210 125.0051 128.5345 130.7047 132.1380
2    84.5    -0.21021 121.7617  0.04546 111.8684 113.0546 114.9112 118.0964 121.7617 125.5655 129.1127 131.2936 132.7338
2    85.5    -0.20277 122.2974  0.04549 112.3496 113.5427 115.4097 118.6125 122.2974 126.1207 129.6855 131.8768 133.3238
2    86.5    -0.19452 122.8279  0.04553 112.8257 114.0256 115.9031 119.1235 122.8279 126.6706 130.2526 132.4542 133.9077
2    87.5    -0.18549 123.3531  0.04557 113.2963 114.5031 116.3913 119.6293 123.3531 127.2150 130.8140 133.0256 134.4857
2    88.5    -0.17574 123.8728  0.04561 113.7615 114.9752 116.8740 120.1297 123.8728 127.7539 131.3696 133.5911 135.0574
2    89.5    -0.16535 124.3870  0.04565 114.2211 115.4418 117.3512 120.6246 124.3870 128.2870 131.9194 134.1505 135.6230
2    90.5    -0.15436 124.8956  0.04569 114.6749 115.9026 117.8228 121.1138 124.8956 128.8144 132.4631 134.7038 136.1824
2    91.5    -0.14283 125.3985  0.04573 115.1230 116.3577 118.2886 121.5974 125.3985 129.3359 133.0009 135.2510 136.7356
2    92.5    -0.13083 125.8956  0.04577 115.5651 116.8069 118.7486 122.0753 125.8956 129.8516 133.5328 135.7922 137.2826
2    93.5    -0.11842 126.3869  0.04582 116.0012 117.2502 119.2028 122.5473 126.3869 130.3615 134.0587 136.3273 137.8236
2    94.5    -0.10565 126.8724  0.04586 116.4314 117.6875 119.6511 123.0135 126.8724 130.8656 134.5787 136.8565 138.3585
2    95.5    -0.09258 127.3522  0.04591 116.8555 118.1189 120.0935 123.4739 127.3522 131.364  135.0930 137.3798 138.8876
2    96.5    -0.07928 127.8263  0.04596 117.2737 118.5443 120.5300 123.9285 127.8263 131.8567 135.6015 137.8975 139.4110
2    97.5    -0.06580 128.2947  0.04602 117.6858 118.9638 120.9607 124.3774 128.2947 132.3438 136.1046 138.4097 139.9289
2    98.5    -0.05218 128.7576  0.04607 118.0920 119.3774 121.3855 124.8207 128.7576 132.8255 136.6024 138.9166 140.4415
2    99.5    -0.03848 129.2152  0.04613 118.4924 119.7852 121.8047 125.2584 129.2152 133.3020 137.0950 139.4184 140.9492
2   100.5    -0.02473 129.6675  0.04620 118.8869 120.1873 122.2182 125.6906 129.6675 133.7734 137.5828 139.9155 141.4521
2   101.5    -0.01098 130.1148  0.04626 119.2757 120.5838 122.6263 126.1177 130.1148 134.2401 138.0660 140.4082 141.9507
2   102.5     0.00274 130.5574  0.04634 119.6590 120.9748 123.0291 126.5396 130.5574 134.7023 138.5450 140.8968 142.4454
2   103.5     0.01642 130.9954  0.04641 120.0370 121.3606 123.4268 126.9568 130.9954 135.1604 139.0201 141.3817 142.9364
2   104.5     0.03005 131.4293  0.04649 120.4097 121.7413 123.8196 127.3694 131.4293 135.6146 139.4918 141.8633 143.4244
2   105.5     0.04362 131.8593  0.04658 120.7775 122.1171 124.2078 127.7777 131.8593 136.0654 139.9604 142.3422 143.9098
2   106.5     0.05714 132.2859  0.04667 121.1405 122.4884 124.5916 128.1822 132.2859 136.5132 140.4265 142.8188 144.3930
2   107.5     0.07063 132.7094  0.04677 121.4991 122.8555 124.9715 128.5831 132.7094 136.9585 140.8906 143.2937 144.8747
2   108.5     0.08414 133.1304  0.04688 121.8537 123.2186 125.3478 128.9808 133.1304 137.4018 141.3532 143.7674 145.3555
2   109.5     0.09773 33.54930  0.04699 122.2044 123.5782 125.7208 129.3759 133.5493 137.8437 141.8149 144.2406 145.8359
2   110.5     0.11145 133.9667  0.04711 122.5518 123.9347 126.0911 129.7689 133.9667 138.2847 142.2764 144.7139 146.3167
2   111.5     0.12540 134.3832  0.04724 122.8963 124.2885 126.4592 130.1603 134.3832 138.7256 142.7382 145.1879 146.7984
2   112.5     0.13969 134.7995  0.04737 123.2384 124.6402 126.8255 130.5506 134.7995 139.1669 143.2012 145.6634 147.2818
2   113.5     0.15444 135.2163  0.04752 123.5785 124.9902 127.1907 130.9406 135.2163 139.6094 143.6660 146.1410 147.7676
2   114.5     0.16980 135.6342  0.04767 123.9173 125.3393 127.5554 131.3309 135.6342 140.0538 144.1333 146.6215 148.2564
2   115.5     0.18593 136.0540  0.04782 124.2553 125.6880 127.9203 131.7223 136.054  140.5010 144.6039 147.1056 148.7491
2   116.5     0.20301 136.4766  0.04799 124.5933 126.0371 128.2861 132.1156 136.4766 140.9516 145.0785 147.5940 149.2461
2   117.5     0.22122 136.9027  0.04816 124.9320 126.3872 128.6537 132.5115 136.9027 141.4065 145.5579 148.0874 149.7484
2   118.5     0.24078 137.3333  0.04833 125.2721 126.7392 129.0238 132.9109 137.3333 141.8665 146.0429 148.5865 150.2564
2   119.5     0.26188 137.7691  0.04851 125.6144 127.0940 129.3973 133.3147 137.7691 142.3324 146.5341 149.0920 150.7707
2   120.5     0.28474 138.2112  0.04870 125.9599 127.4524 129.7752 133.7239 138.2112 142.8051 147.0322 149.6044 151.2920
2   121.5     0.30957 138.6602  0.04889 126.3095 127.8154 130.1584 134.1394 138.6602 143.2852 147.5379 150.1242 151.8205
2   122.5     0.33656 139.1172  0.04908 126.6641 128.1840 130.5479 134.5620 139.1172 143.7735 148.0517 150.6520 152.3568
2   123.5     0.36589 139.5829  0.04927 127.0248 128.5591 130.9446 134.9929 139.5829 144.2707 148.5741 151.1880 152.9011
2   124.5     0.39769 140.0581  0.04945 127.3926 128.9419 131.3496 135.4328 140.0581 144.7773 149.1054 151.7325 153.4534
2   125.5     0.43210 140.5435  0.04963 127.7687 129.3334 131.7639 135.8826 140.5435 145.2938 149.6460 152.2856 154.0139
2   126.5     0.46918 141.0397  0.04981 128.1541 129.7346 132.1885 136.3433 141.0397 145.8206 150.1960 152.8473 154.5824
2   127.5     0.50894 141.5472  0.04997 128.5499 130.1467 132.6243 136.8154 141.5472 146.3579 150.7552 153.4174 155.1586
2   128.5     0.55135 142.0664  0.05012 128.9573 130.5705 133.0721 137.2997 142.0664 146.9059 151.3236 153.9955 155.7420
2   129.5     0.59630 142.5974  0.05025 129.3772 131.0071 133.5329 137.7967 142.5974 147.4643 151.9008 154.5812 156.3321
2   130.5     0.64362 143.1404  0.05037 129.8106 131.4573 134.0072 138.3067 143.1404 148.0329 152.4861 155.1737 156.9280
2   131.5     0.69306 143.6950  0.05046 130.2585 131.9218 134.4955 138.8300 143.6950 148.6111 153.0790 155.7721 157.5288
2   132.5     0.74429 144.2609  0.05052 130.7217 132.4013 134.9983 139.3664 144.2609 149.1984 153.6783 156.3755 158.1335
2   133.5     0.79691 144.8376  0.05055 131.2006 132.8962 135.5157 139.9157 144.8376 149.7937 154.2830 156.9825 158.7407
2   134.5     0.85045 145.4240  0.05056 131.6958 133.4067 136.0476 140.4775 145.4240 150.3959 154.8918 157.5918 159.3491
2   135.5     0.90439 146.0192  0.05052 132.2074 133.9328 136.5937 141.0510 146.0192 151.0036 155.5032 158.2020 159.9571
2   136.5     0.95813 146.6217  0.05045 132.7354 134.4742 137.1534 141.6352 146.6217 151.6153 156.1156 158.8115 160.5633
2   137.5     1.01105 147.2300  0.05035 133.2795 135.0304 137.7259 142.2288 147.2300 152.2293 156.7273 159.4185 161.1660
2   138.5     1.06247 147.8424  0.05020 133.8388 135.6004 138.3100 142.8304 147.8424 152.8438 157.3365 160.0213 161.7634
2   139.5     1.11172 148.4569  0.05002 134.4125 136.1831 138.9043 143.4381 148.4569 153.4568 157.9413 160.6182 162.3541
2   140.5     1.15813 149.0714  0.04980 134.9993 136.7769 139.5070 144.0501 149.0714 154.0662 158.5398 161.2075 162.9363
2   141.5     1.20105 149.6839  0.04955 135.5973 137.3801 140.1161 144.6641 149.6839 154.6700 159.1302 161.7874 163.5084
2   142.5     1.23985 150.2920  0.04926 136.2047 137.9905 140.7295 145.278  150.2920 155.2663 159.7107 162.3564 164.0690
2   143.5     1.27400 150.8936  0.04894 136.8191 138.6058 141.3448 145.8893 150.8936 155.8529 160.2796 162.9129 164.6167
2   144.5     1.30304 151.4866  0.04859 137.4381 139.2236 141.9594 146.4958 151.4866 156.4280 160.8353 163.4555 165.1503
2   145.5     1.32660 152.0687  0.04823 138.0588 139.8410 142.5709 147.0949 152.0687 156.9899 161.3764 163.9830 165.6685
2   146.5     1.34444 152.6381  0.04784 138.6784 140.4554 143.1767 147.6845 152.6381 157.5369 161.9016 164.4943 166.1706
2   147.5     1.35643 153.1930  0.04744 139.2941 141.0640 143.7741 148.2623 153.1930 158.0677 162.4097 164.9885 166.6555
2   148.5     1.36260 153.7317  0.04703 139.9028 141.6641 144.3607 148.8263 153.7317 158.5810 162.8999 165.4648 167.1228
2   149.5     1.36308 154.2529  0.04661 140.5019 142.2530 144.9342 149.3747 154.2529 159.0758 163.3715 165.9227 167.5720
2   150.5     1.35816 154.7555  0.04619 141.0885 142.8283 145.4925 149.9059 154.7555 159.5513 163.8239 166.3618 168.0027
2   151.5     1.34822 155.2385  0.04578 141.6602 143.3877 146.0338 150.4184 155.2385 160.0070 164.2568 166.7819 168.4147
2   152.5     1.33377 155.7012  0.04537 142.2148 143.9294 146.5564 150.9113 155.7012 160.4425 164.6701 167.1829 168.8080
2   153.5     1.31537 156.1432  0.04497 142.7504 144.4516 147.0590 151.3835 156.1432 160.8576 165.0637 167.5648 169.1827
2   154.5     1.29366 156.5643  0.04458 143.2654 144.9530 147.5405 151.8346 156.5643 161.2524 165.4378 167.9278 169.5391
2   155.5     1.26930 156.9644  0.04421 143.7584 145.4325 148.0002 152.2642 156.9644 161.6270 165.7928 168.2723 169.8773
2   156.5     1.24296 157.3437  0.04385 144.2287 145.8894 148.4376 152.6721 157.3437 161.9818 166.1289 168.5987 170.1979
2   157.5     1.21531 157.7025  0.04352 144.6756 146.3232 148.8525 153.0584 157.7025 162.3172 166.4466 168.9074 170.5013
2   158.5     1.18695 158.0411  0.04320 145.0987 146.7338 149.2449 153.4234 158.0411 162.6338 166.7467 169.1990 170.7881
2   159.5     1.15847 158.3603  0.04290 145.4981 147.1213 149.6150 153.7674 158.3603 162.9321 167.0296 169.4742 171.0587
2   160.5     1.13036 158.6606  0.04261 145.8740 147.4859 149.9633 154.0911 158.6606 163.2129 167.2961 169.7335 171.3140
2   161.5     1.10307 158.9427  0.04235 146.2269 147.8281 150.2902 154.3951 158.9427 163.4770 167.5469 169.9777 171.5544
2   162.5     1.07697 159.2075  0.04211 146.5573 148.1487 150.5966 154.6801 159.2075 163.7250 167.7826 170.2074 171.7807
2   163.5     1.05233 159.4557  0.04189 146.8660 148.4483 150.8831 154.9470 159.4557 163.9577 168.0042 170.4234 171.9935
2   164.5     1.02937 159.6882  0.04168 147.1539 148.7279 151.1507 155.1966 159.6882 164.1761 168.2122 170.6263 172.1936
2   165.5     1.00825 159.9058  0.04149 147.4219 148.9885 151.4003 155.4298 159.9058 164.3808 168.4075 170.8170 172.3816
2   166.5     0.98906 160.1094  0.04132 147.6712 149.2309 151.6329 155.6475 160.1094 164.5726 168.5907 170.9959 172.5582
2   167.5     0.97183 160.2997  0.04116 147.9026 149.4562 151.8494 155.8507 160.2997 164.7523 168.7626 171.1639 172.7239
2   168.5     0.95657 160.4777  0.04102 148.1173 149.6655 152.0508 156.0401 160.4777 164.9206 168.9239 171.3216 172.8796
2   169.5     0.94324 160.6441  0.04089 148.3164 149.8598 152.2381 156.2167 160.6441 165.0783 169.0751 171.4696 173.0257
2   170.5     0.93176 160.7995  0.04077 148.5009 150.0400 152.4121 156.3813 160.7995 165.2260 169.2170 171.6085 173.1628
2   171.5     0.92205 160.9449  0.04066 148.6717 150.2072 152.5738 156.5348 160.9449 165.3644 169.3501 171.7388 173.2915
2   172.5     0.91401 161.0808  0.04057 148.8299 150.3621 152.7241 156.6778 161.0808 165.4941 169.4749 171.8611 173.4124
2   173.5     0.90751 161.2079  0.04048 148.9764 150.5059 152.8638 156.8112 161.2079 165.6157 169.5921 171.9760 173.5258
2   174.5     0.90245 161.3268  0.04040 149.1121 150.6392 152.9936 156.9356 161.3268 165.7297 169.7022 172.0839 173.6324
2   175.5     0.89869 161.4381  0.04034 149.2377 150.7629 153.1143 157.0517 161.4381 165.8366 169.8055 172.1853 173.7326
2   176.5     0.89614 161.5423  0.04027 149.3542 150.8777 153.2266 157.1600 161.5423 165.9369 169.9026 172.2806 173.8267
2   177.5     0.89466 161.6399  0.04022 149.4622 150.9843 153.3312 157.2612 161.6399 166.0312 169.9939 172.3701 173.9152
2   178.5     0.89413 161.7315  0.04017 149.5623 151.0833 153.4286 157.3558 161.7315 166.1197 170.0798 172.4544 173.9984
2   179.5     0.89447 161.8174  0.04012 149.6553 151.1754 153.5193 157.4443 161.8174 166.2029 170.1606 172.5337 174.0768
2   180.5     0.89557 161.8980  0.04008 149.7416 151.2611 153.6040 157.5271 161.8980 166.2812 170.2366 172.6084 174.1505
2   181.5     0.89733 161.9738  0.04004 149.8219 151.3410 153.6830 157.6047 161.9738 166.3549 170.3083 172.6787 174.2200
2   182.5     0.89967 162.0450  0.04001 149.8967 151.4154 153.7569 157.6775 162.0450 166.4244 170.3759 172.7451 174.2855
2   183.5     0.90251 162.1120  0.03998 149.9663 151.4848 153.8260 157.7458 162.1120 166.4898 170.4396 172.8076 174.3472
2   184.5     0.90579 162.1752  0.03995 150.0312 151.5497 153.8907 157.8099 162.1752 166.5516 170.4997 172.8667 174.4055
2   185.5     0.90944 162.2347  0.03993 150.0918 151.6103 153.9513 157.8702 162.2347 166.6099 170.5566 172.9225 174.4606
2   186.5     0.91339 162.2908  0.03991 150.1484 151.6671 154.0082 157.9270 162.2908 166.6649 170.6103 172.9752 174.5125
2   187.5     0.91761 162.3439  0.03989 150.2014 151.7203 154.0616 157.9804 162.3439 166.7170 170.6611 173.0250 174.5617
2   188.5     0.92204 162.3940  0.03987 150.2510 151.7702 154.1119 158.0308 162.3940 166.7663 170.7091 173.0722 174.6082
2   189.5     0.92664 162.4414  0.03986 150.2975 151.8171 154.1592 158.0784 162.4414 166.8129 170.7546 173.1168 174.6522
2   190.5     0.93138 162.4862  0.03984 150.3412 151.8612 154.2037 158.1234 162.4862 166.8571 170.7978 173.1591 174.6938
2   191.5     0.93622 162.5287  0.03983 150.3823 151.9027 154.2457 158.1659 162.5287 166.8990 170.8387 173.1992 174.7333
2   192.5     0.94114 162.5690  0.03982 150.4209 151.9418 154.2854 158.2061 162.5690 166.9388 170.8775 173.2373 174.7708
2   193.5     0.94611 162.6072  0.03981 150.4573 151.9787 154.3229 158.2442 162.6072 166.9766 170.9144 173.2734 174.8063
2   194.5     0.95111 162.6435  0.03980 150.4917 152.0135 154.3584 158.2803 162.6435 167.0125 170.9494 173.3077 174.8400
2   195.5     0.95611 162.6781  0.03979 150.5241 152.0465 154.3919 158.3146 162.6781 167.0466 170.9827 173.3402 174.8721
2   196.5     0.96111 162.7109  0.03978 150.5547 152.0776 154.4238 158.3472 162.7109 167.0791 171.0144 173.3712 174.9025
2   197.5     0.96609 162.7421  0.03977 150.5837 152.1072 154.4540 158.3782 162.7421 167.1100 171.0446 173.4007 174.9314
2   198.5     0.97103 162.7719  0.03976 150.6111 152.1352 154.4827 158.4077 162.7719 167.1395 171.0733 173.4288 174.9590
2   199.5     0.97593 162.8002  0.03976 150.6372 152.1617 154.5100 158.4357 162.8002 167.1676 171.1007 173.4555 174.9852
2   200.5     0.98078 162.8273  0.03975 150.6619 152.1870 154.5359 158.4625 162.8273 167.1944 171.1268 173.4810 175.0102
2   201.5     0.98557 162.8531  0.03974 150.6854 152.2110 154.5607 158.4879 162.8531 167.2200 171.1517 173.5053 175.0340
2   202.5     0.99029 162.8778  0.03974 150.7077 152.2339 154.5842 158.5123 162.8778 167.2444 171.1754 173.5284 175.0567
2   203.5     0.99493 162.9013  0.03973 150.7289 152.2556 154.6067 158.5355 162.9013 167.2677 171.1981 173.5505 175.0783
2   204.5     0.99950 162.9238  0.03973 150.7491 152.2764 154.6281 158.5577 162.9238 167.2900 171.2198 173.5716 175.0990
2   205.5     1.00399 162.9454  0.03972 150.7684 152.2962 154.6486 158.5789 162.9454 167.3114 171.2405 173.5918 175.1187
2   206.5     1.00839 162.9660  0.03972 150.7868 152.3151 154.6681 158.5992 162.9660 167.3318 171.2604 173.6111 175.1376
2   207.5     1.01271 162.9858  0.03971 150.8044 152.3332 154.6868 158.6187 162.9858 167.3514 171.2793 173.6295 175.1556
2   208.5     1.01694 163.0047  0.03971 150.8211 152.3504 154.7047 158.6373 163.0047 167.3701 171.2975 173.6471 175.1728
2   209.5     1.02109 163.0228  0.03971 150.8372 152.3669 154.7218 158.6551 163.0228 167.3881 171.3149 173.6640 175.1892
2   210.5     1.02514 163.0402  0.03970 150.8525 152.3827 154.7382 158.6722 163.0402 167.4053 171.3315 173.6802 175.2050
2   211.5     1.02910 163.0569  0.03970 150.8672 152.3979 154.7540 158.6886 163.0569 167.4218 171.3475 173.6956 175.2201
2   212.5     1.03297 163.0729  0.03970 150.8812 152.4124 154.7690 158.7043 163.0729 167.4376 171.3628 173.7104 175.2345
2   213.5     1.03675 163.0882  0.03969 150.8947 152.4263 154.7835 158.7194 163.0882 167.4528 171.3775 173.7246 175.2483
2   214.5     1.04045 163.1030  0.03969 150.9076 152.4396 154.7974 158.7339 163.1030 167.4674 171.3915 173.7382 175.2616
2   215.5     1.04405 163.1172  0.03969 150.9200 152.4524 154.8107 158.7478 163.1172 167.4814 171.4050 173.7513 175.2742
2   216.5     1.04757 163.1308  0.03968 150.9319 152.4647 154.8235 158.7612 163.1308 167.4948 171.4180 173.7638 175.2864
2   217.5     1.05099 163.1439  0.03968 150.9433 152.4765 154.8358 158.7740 163.1439 167.5078 171.4304 173.7758 175.2981
2   218.5     1.05434 163.1565  0.03968 150.9542 152.4878 154.8476 158.7864 163.1565 167.5202 171.4424 173.7873 175.3093
2   219.5     1.05759 163.1686  0.03967 150.9647 152.4987 154.8590 158.7983 163.1686 167.5321 171.4538 173.7984 175.3200
2   220.5     1.06077 163.1802  0.03967 150.9749 152.5092 154.8699 158.8097 163.1802 167.5436 171.4649 173.8090 175.3303
2   221.5     1.06386 163.1914  0.03967 150.9846 152.5192 154.8804 158.8207 163.1914 167.5546 171.4755 173.8192 175.3402
2   222.5     1.06687 163.2022  0.03967 150.9939 152.5289 154.8905 158.8313 163.2022 167.5653 171.4856 173.8290 175.3497
2   223.5     1.06980 163.2126  0.03966 151.0029 152.5382 154.9003 158.8415 163.2126 167.5755 171.4954 173.8384 175.3588
2   224.5     1.07265 163.2226  0.03966 151.0115 152.5472 154.9096 158.8514 163.2226 167.5853 171.5049 173.8474 175.3675
2   225.5     1.07543 163.2322  0.03966 151.0198 152.5558 154.9187 158.8608 163.2322 167.5948 171.5139 173.8561 175.3760
2   226.5     1.07813 163.2415  0.03966 151.0279 152.5641 154.9273 158.8699 163.2415 167.6039 171.5226 173.8645 175.3840
2   227.5     1.08076 163.2504  0.03965 151.0356 152.5721 154.9357 158.8787 163.2504 167.6127 171.5310 173.8725 175.3918
2   228.5     1.08331 163.2590  0.03965 151.0430 152.5798 154.9438 158.8872 163.2590 167.6211 171.5391 173.8802 175.3993
2   229.5     1.08580 163.2673  0.03965 151.0501 152.5873 154.9516 158.8953 163.2673 167.6293 171.5468 173.8877 175.4064
2   230.5     1.08821 163.2753  0.03965 151.0570 152.5944 154.9590 158.9032 163.2753 167.6371 171.5543 173.8948 175.4133
2   231.5     1.09056 163.2830  0.03965 151.0636 152.6013 154.9663 158.9107 163.2830 167.6446 171.5615 173.9017 175.4200
2   232.5     1.09285 163.2904  0.03964 151.0700 152.6079 154.9732 158.9180 163.2904 167.6519 171.5684 173.9083 175.4264
2   233.5     1.09507 163.2976  0.03964 151.0762 152.6143 154.9799 158.9251 163.2976 167.6589 171.5751 173.9147 175.4325
2   234.5     1.09722 163.3045  0.03964 151.0821 152.6205 154.9864 158.9319 163.3045 167.6657 171.5815 173.9208 175.4384
2   235.5     1.09932 163.3111  0.03964 151.0879 152.6265 154.9926 158.9384 163.3111 167.6722 171.5877 173.9267 175.4441
2   236.5     1.10136 163.3175  0.03964 151.0934 152.6322 154.9986 158.9447 163.3175 167.6785 171.5937 173.9324 175.4496
2   237.5     1.10334 163.3237  0.03964 151.0987 152.6377 155.0044 158.9508 163.3237 167.6845 171.5994 173.9379 175.4548
2   238.5     1.10526 163.3297  0.03963 151.1038 152.6431 155.0100 158.9567 163.3297 167.6904 171.6049 173.9432 175.4599
2   239.5     1.10713 163.3354  0.03963 151.1088 152.6482 155.0154 158.9624 163.3354 167.6960 171.6103 173.9482 175.4648
2   240.0     1.10804 163.3383  0.03963 151.1112 152.6507 155.0181 158.9651 163.3383 167.6987 171.6129 173.9507 175.4671