Sex Agemos   L        M        S        P3       P5       P10      P25      P50      P75      P90      P95      P97
1    12.0    1        75.7488   0.03137  71.3     71.8     73.3     74.1     75.7     77.4     78.2     79.7     80.2
1    13.0    1        76.9186   0.03154  72.4     72.9     74.4     75.3     76.9     78.6     79.4     80.9     81.5
1    14.0    1        78.0497   0.03174  73.4     74.0     75.5     76.4     78.0     79.7     80.6     82.1     82.7
1    15.0    1        79.1458   0.03197  74.4     75.0     76.5     77.4     79.1     80.9     81.8     83.3     83.9
1    16.0    1        80.2113   0.03222  75.4     76.0     77.5     78.5     80.2     82.0     82.9     84.5     85.1
1    17.0    1        81.2487   0.03250  76.3     76.9     78.5     79.5     81.2     83.0     84.0     85.6     86.2
1    18.0    1        82.2587   0.03279  77.2     77.8     79.5     80.4     82.3     84.1     85.1     86.7     87.3
1    19.0    1        83.2418   0.03310  78.1     78.7     80.4     81.4     83.2     85.1     86.1     87.8     88.4
1    20.0    1        84.1996   0.03342  78.9     79.6     81.3     82.3     84.2     86.1     87.1     88.8     89.5
1    21.0    1        85.1348   0.03376  79.7     80.4     82.2     83.2     85.1     87.1     88.1     89.9     90.5
1    22.0    1        86.0477   0.03410  80.5     81.2     83.0     84.1     86.0     88.0     89.1     90.9     91.6
1    23.0    1        86.9410   0.03445  81.3     82.0     83.8     84.9     86.9     89.0     90.0     91.9     92.6
1    24.0    1                           81.4     82.1              85.1     87.1     89.2              92.1     92.9
1    25.0    1                           82.1     82.8              85.9     88.0     90.1              93.1     93.8
1    26.0    1                           82.8     83.6              86.7     88.8     90.9              94.0     94.8
1    27.0    1                           83.5     84.3              87.4     89.6     91.8              94.9     95.7
1    28.0    1                           84.2     85.0              88.2     90.4     92.6              95.8     96.6
1    29.0    1                           84.9     85.7              88.9     91.2     93.4              96.7     97.5
1    30.0    1                           85.5     86.3              89.6     91.9     94.2              97.5     98.3
1    31.0    1                           86.2     87.0              90.3     92.7     95.0              98.4     99.2
1    32.0    1                           86.8     87.6              91.0     93.4     95.7              99.2    100.0
1    33.0    1                           87.4     88.2              91.7     94.1     96.5              99.9    100.8
1    34.0    1                           88.0     88.8              92.3     94.8     97.2             100.7    101.5
1    35.0    1                           88.5     89.4              93.0     95.4     97.9             101.4    102.3
1    36.0    1                           89.1     90.0              93.6     96.1     98.6             102.2    103.1
1    37.0    1                           89.7     90.6              94.2     96.7     99.3             102.9    103.8
1    38.0    1                           90.2     91.1              94.8     97.4     99.9             103.6    104.5
1    39.0    1                           90.8     91.7              95.4     98.0    100.6             104.3    105.2
1    40.0    1                           91.3     92.2              96.0     98.6    101.3             105.0    105.9
1    41.0    1                           91.9     92.8              96.6     99.2    101.9             105.7    106.6
1    42.0    1                           92.4     93.3              97.2     99.9    102.5             106.4    107.3
1    43.0    1                           92.9     93.9              97.7    100.4    103.1             107.0    108.0
1    44.0    1                           93.4     94.4              98.3    101.0    103.8             107.7    108.6
1    45.0    1                           93.9     94.9              98.9    101.6    104.4             108.3    109.3
1    46.0    1                           94.4     95.4              99.4    102.2    105.0             109.0    109.9
1    47.0    1                           94.9     95.9             100.0    102.8    105.6             109.6    110.6
1    48.0    1                           95.4     96.4             100.5    103.3    106.2             110.2    111.2
1    49.0    1                           95.9     96.9             101.0    103.9    106.7             110.8    111.8
1    50.0    1                           96.4     97.4             101.6    104.4    107.3             111.5    112.5
1    51.0    1                           96.9     97.9             102.1    105.0    107.9             112.1    113.1
1    52.0    1                           97.4     98.4             102.6    105.6    108.5             112.7    113.7
1    53.0    1                           97.9     98.9             103.2    106.1    109.1             113.3    114.3
1    54.0    1                           98.4     99.4             103.7    106.7    109.6             113.9    115.0
1    55.0    1                           98.8     99.9             104.2    107.2    110.2             114.5    115.6
1    56.0    1                           99.3    100.4             104.7    107.8    110.8             115.2    116.2
1    57.0    1                           99.8    100.9             105.3    108.3    111.4             115.8    116.8
1    58.0    1                          100.3    101.4             105.8    108.9    111.9             116.4    117.4
1    59.0    1                          100.8    101.9             106.3    109.4    112.5             117.0    118.1
1    60.0    1                          101.2    102.3             106.8    110.0    113.1             117.6    118.7
2    12.0    1        74.0150   0.03479  69.2     69.8     71.3     72.3     74.0     75.8     76.7     78.3     78.9
2    13.0    1        75.2176   0.03496  70.3     70.9     72.5     73.4     75.2     77.0     77.9     79.5     80.2
2    14.0    1        76.3817   0.03514  71.3     72.0     73.6     74.6     76.4     78.2     79.2     80.8     81.4
2    15.0    1        77.5099   0.03534  72.4     73.0     74.7     75.7     77.5     79.4     80.3     82.0     82.7
2    16.0    1        78.6055   0.03555  73.3     74.0     75.7     76.7     78.6     80.5     81.5     83.2     83.9
2    17.0    1        79.6710   0.03576  74.3     75.0     76.7     77.7     79.7     81.6     82.6     84.4     85.0
2    18.0    1        80.7079   0.03598  75.2     75.9     77.7     78.7     80.7     82.7     83.7     85.5     86.2
2    19.0    1        81.7182   0.03620  76.2     76.9     78.7     79.7     81.7     83.7     84.8     86.6     87.3
2    20.0    1        82.7036   0.03643  77.0     77.7     79.6     80.7     82.7     84.7     85.8     87.7     88.4
2    21.0    1        83.6654   0.03666  77.9     78.6     80.5     81.6     83.7     85.7     86.8     88.7     89.4
2    22.0    1        84.6040   0.03688  78.7     79.5     81.4     82.5     84.6     86.7     87.8     89.7     90.5
2    23.0    1        85.5202   0.03711  79.6     80.3     82.2     83.4     85.5     87.7     88.8     90.7     91.5
2    24.0    1                           79.6     80.4              83.5     85.7     87.9              91.0     91.8
2    25.0    1                           80.4     81.2              84.4     86.6     88.8              92.0     92.8
2    26.0    1                           81.2     82.0              85.2     87.4     89.7              92.9     93.7
2    27.0    1                           81.9     82.7              86.0     88.3     90.6              93.8     94.6
2    28.0    1                           82.6     83.5              86.8     89.1     91.4              94.7     95.6
2    29.0    1                           83.4     84.2              87.6     89.9     92.2              95.6     96.4
2    30.0    1                           84.0     84.9              88.3     90.7     93.1              96.5     97.3
2    31.0    1                           84.7     85.6              89.0     91.4     93.9              97.3     98.2
2    32.0    1                           85.4     86.2              89.7     92.2     94.6              98.2     99.0
2    33.0    1                           86.0     86.9              90.4     92.9     95.4              99.0     99.8
2    34.0    1                           86.7     87.5              91.1     93.6     96.2              99.8    100.6
2    35.0    1                           87.3     88.2              91.8     94.4     96.9             100.5    101.4
2    36.0    1                           87.9     88.8              92.5     95.1     97.6             101.3    102.2
2    37.0    1                           88.5     89.4              93.1     95.7     98.3             102.1    103.0
2    38.0    1                           89.1     90.0              93.8     96.4     99.0             102.8    103.7
2    39.0    1                           89.7     90.6              94.4     97.1     99.7             103.6    104.5
2    40.0    1                           90.3     91.2              95.1     97.7    100.4             104.3    105.2
2    41.0    1                           90.8     91.8              95.7     98.4    101.1             105.0    106.0
2    42.0    1                           91.4     92.4              96.3     99.0    101.8             105.7    106.7
2    43.0    1                           92.0     92.9              96.9     99.7    102.4             106.4    107.4
2    44.0    1                           92.5     93.5              97.5    100.3    103.1             107.1    108.1
2    45.0    1                           93.0     94.0              98.1    100.9    103.7             107.8    108.8
2    46.0    1                           93.6     94.6              98.7    101.5    104.4             108.5    109.5
2    47.0    1                           94.1     95.1              99.3    102.1    105.0             109.2    110.2
2    48.0    1                           94.6     95.6              99.8    102.7    105.6             109.8    110.8
2    49.0    1                           95.1     96.2             100.4    103.3    106.3             110.5    111.5
2    50.0    1                           95.7     96.7             100.9    103.9    106.9             111.1    112.1
2    51.0    1                           96.2     97.2             101.5    104.5    107.5             111.8    112.8
2    52.0    1                           96.7     97.7             102.0    105.0    108.1             112.4    113.4
2    53.0    1                           97.2     98.2             102.6    105.6    108.6             113.0    114.1
2    54.0    1                           97.6     98.7             103.1    106.2    109.2             113.6    114.7
2    55.0    1                           98.1     99.2             103.6    106.7    109.8             114.3    115.3
2    56.0    1                           98.6     99.7             104.2    107.3    110.4             114.9    116.0
2    57.0    1                           99.1    100.2             104.7    107.8    111.0             115.5    116.6
2    58.0    1                           99.6    100.7             105.2    108.4    111.5             116.1    117.2
2    59.0    1                          100.0    101.1             105.7    108.9    112.1             116.7    117.8
2    60.0    1                          100.5    101.6             106.2    109.4    112.6             117.2    118.4