Sex Agemos   L        M        S        P3       P5       P10      P25      P50      P75      P90      P95      P97
1    12.0     0.0644   9.6479   0.10925   7.8      8.1      8.6      9.0      9.6     10.4     10.8     11.5     11.8
1    13.0     0.0563   9.8749   0.10949   8.0      8.2      8.8      9.2      9.9     10.6     11.1     11.8     12.1
1    14.0     0.0487  10.0953   0.10976   8.2      8.4      9.0      9.4     10.1     10.9     11.3     12.1     12.4
1    15.0     0.0413  10.3108   0.11007   8.4      8.6      9.2      9.6     10.3     11.1     11.6     12.3     12.7
1    16.0     0.0343  10.5228   0.11041   8.5      8.8      9.4      9.8     10.5     11.3     11.8     12.6     12.9
1    17.0     0.0275  10.7319   0.11079   8.7      8.9      9.6     10.0     10.7     11.6     12.0     12.9     13.2
1    18.0     0.0211  10.9385   0.11119   8.9      9.1      9.7     10.1     10.9     11.8     12.3     13.1     13.5
1    19.0     0.0148  11.1430   0.11164   9.0      9.3      9.9     10.3     11.1     12.0     12.5     13.4     13.7
1    20.0     0.0087  11.3462   0.11211   9.2      9.4     10.1     10.5     11.3     12.2     12.7     13.6     14.0
1    21.0     0.0029  11.5486   0.11261   9.3      9.6     10.3     10.7     11.5     12.5     13.0     13.9     14.3
1    22.0    -0.0028  11.7504   0.11314   9.5      9.8     10.5     10.9     11.8     12.7     13.2     14.2     14.5
1    23.0    -0.0083  11.9514   0.11369   9.7      9.9     10.6     11.1     12.0     12.9     13.4     14.4     14.8
1    24.0    -0.0137  12.1515   0.11426   9.8     10.1     10.8     11.3     12.2     13.1     13.7     14.7     15.1
1    25.0    -0.0189  12.3502   0.11485  10.0     10.2     11.0     11.4     12.4     13.3     13.9     14.9     15.3
1    26.0    -0.0240  12.5466   0.11544  10.1     10.4     11.1     11.6     12.5     13.6     14.1     15.2     15.6
1    27.0    -0.0289  12.7401   0.11604  10.2     10.5     11.3     11.8     12.7     13.8     14.4     15.4     15.9
1    28.0    -0.0337  12.9303   0.11664  10.4     10.7     11.5     12.0     12.9     14.0     14.6     15.7     16.1
1    29.0    -0.0385  13.1169   0.11723  10.5     10.8     11.6     12.1     13.1     14.2     14.8     15.9     16.4
1    30.0    -0.0431  13.3000   0.11781  10.7     11.0     11.8     12.3     13.3     14.4     15.0     16.2     16.6
1    31.0    -0.0476  13.4798   0.11839  10.8     11.1     11.9     12.4     13.5     14.6     15.2     16.4     16.9
1    32.0    -0.0520  13.6567   0.11896  10.9     11.2     12.1     12.6     13.7     14.8     15.5     16.6     17.1
1    33.0    -0.0564  13.8309   0.11953  11.1     11.4     12.2     12.8     13.8     15.0     15.7     16.9     17.3
1    34.0    -0.0606  14.0031   0.12008  11.2     11.5     12.4     12.9     14.0     15.2     15.9     17.1     17.6
1    35.0    -0.0648  14.1736   0.12062  11.3     11.6     12.5     13.1     14.2     15.4     16.1     17.3     17.8
1    36.0    -0.0689  14.3429   0.12116  11.4     11.8     12.7     13.2     14.3     15.6     16.3     17.5     18.0
1    37.0    -0.0729  14.5113   0.12168  11.6     11.9     12.8     13.4     14.5     15.8     16.5     17.8     18.3
1    38.0    -0.0769  14.6791   0.12220  11.7     12.0     12.9     13.5     14.7     15.9     16.7     18.0     18.5
1    39.0    -0.0808  14.8466   0.12271  11.8     12.2     13.1     13.7     14.8     16.1     16.9     18.2     18.7
1    40.0    -0.0846  15.0140   0.12322  11.9     12.3     13.2     13.8     15.0     16.3     17.1     18.4     19.0
1    41.0    -0.0883  15.1813   0.12373  12.1     12.4     13.4     14.0     15.2     16.5     17.3     18.6     19.2
1    42.0    -0.0920  15.3486   0.12425  12.2     12.5     13.5     14.1     15.3     16.7     17.5     18.9     19.4
1    43.0    -0.0957  15.5158   0.12478  12.3     12.7     13.6     14.3     15.5     16.9     17.7     19.1     19.7
1    44.0    -0.0993  15.6828   0.12531  12.4     12.8     13.8     14.4     15.7     17.1     17.9     19.3     19.9
1    45.0    -0.1028  15.8497   0.12586  12.5     12.9     13.9     14.6     15.8     17.3     18.1     19.5     20.1
1    46.0    -0.1063  16.0163   0.12643  12.7     13.0     14.1     14.7     16.0     17.4     18.3     19.8     20.4
1    47.0    -0.1097  16.1827   0.12700  12.8     13.2     14.2     14.9     16.2     17.6     18.5     20.0     20.6
1    48.0    -0.1131  16.3489   0.12759  12.9     13.3     14.3     15.0     16.3     17.8     18.7     20.2     20.9
1    49.0    -0.1165  16.5150   0.12819  13.0     13.4     14.5     15.2     16.5     18.0     18.9     20.4     21.1
1    50.0    -0.1198  16.6811   0.12880  13.1     13.5     14.6     15.3     16.7     18.2     19.1     20.7     21.3
1    51.0    -0.1230  16.8471   0.12943  13.3     13.7     14.7     15.4     16.8     18.4     19.3     20.9     21.6
1    52.0    -0.1262  17.0132   0.13005  13.4     13.8     14.9     15.6     17.0     18.6     19.5     21.1     21.8
1    53.0    -0.1294  17.1792   0.13069  13.5     13.9     15.0     15.7     17.2     18.8     19.7     21.4     22.1
1    54.0    -0.1325  17.3452   0.13133  13.6     14.0     15.2     15.9     17.3     19.0     19.9     21.6     22.3
1    55.0    -0.1356  17.5111   0.13197  13.7     14.1     15.3     16.0     17.5     19.2     20.1     21.8     22.5
1    56.0    -0.1387  17.6768   0.13261  13.8     14.3     15.4     16.2     17.7     19.3     20.3     22.1     22.8
1    57.0    -0.1417  17.8422   0.13325  13.9     14.4     15.6     16.3     17.8     19.5     20.5     22.3     23.0
1    58.0    -0.1447  18.0073   0.13389  14.1     14.5     15.7     16.5     18.0     19.7     20.7     22.5     23.3
1    59.0    -0.1477  18.1722   0.13453  14.2     14.6     15.8     16.6     18.2     19.9     20.9     22.8     23.5
1    60.0    -0.1506  18.3366   0.13517  14.3     14.7     16.0     16.7     18.3     20.1     21.1     23.0     23.8
2    12.0    -0.2024   8.9481   0.12268   7.1      7.3      7.9      8.2      8.9      9.7     10.2     11.0     11.3
2    13.0    -0.2158   9.1699   0.12283   7.3      7.5      8.1      8.4      9.2     10.0     10.4     11.3     11.6
2    14.0    -0.2278   9.3870   0.12294   7.5      7.7      8.3      8.6      9.4     10.2     10.7     11.5     11.9
2    15.0    -0.2384   9.6008   0.12299   7.7      7.9      8.5      8.8      9.6     10.4     10.9     11.8     12.2
2    16.0    -0.2478   9.8124   0.12303   7.8      8.1      8.7      9.0      9.8     10.7     11.2     12.1     12.5
2    17.0    -0.2562  10.0226   0.12306   8.0      8.2      8.8      9.2     10.0     10.9     11.4     12.3     12.7
2    18.0    -0.2637  10.2315   0.12309   8.2      8.4      9.0      9.4     10.2     11.1     11.6     12.6     13.0
2    19.0    -0.2703  10.4393   0.12315   8.3      8.6      9.2      9.6     10.4     11.4     11.9     12.9     13.3
2    20.0    -0.2762  10.6464   0.12323   8.5      8.7      9.4      9.8     10.6     11.6     12.1     13.1     13.5
2    21.0    -0.2815  10.8534   0.12335   8.7      8.9      9.6     10.0     10.9     11.8     12.4     13.4     13.8
2    22.0    -0.2862  11.0608   0.12350   8.8      9.1      9.8     10.2     11.1     12.0     12.6     13.6     14.1
2    23.0    -0.2903  11.2688   0.12369   9.0      9.2      9.9     10.4     11.3     12.3     12.8     13.9     14.3
2    24.0    -0.2941  11.4775   0.12390   9.2      9.4     10.1     10.6     11.5     12.5     13.1     14.2     14.6
2    25.0    -0.2975  11.6864   0.12414   9.3      9.6     10.3     10.8     11.7     12.7     13.3     14.4     14.9
2    26.0    -0.3005  11.8947   0.12441   9.5      9.8     10.5     10.9     11.9     12.9     13.6     14.7     15.2
2    27.0    -0.3032  12.1015   0.12472   9.6      9.9     10.7     11.1     12.1     13.2     13.8     15.0     15.4
2    28.0    -0.3057  12.3059   0.12506   9.8     10.1     10.8     11.3     12.3     13.4     14.0     15.2     15.7
2    29.0    -0.3080  12.5073   0.12545  10.0     10.2     11.0     11.5     12.5     13.6     14.3     15.5     16.0
2    30.0    -0.3101  12.7055   0.12587  10.1     10.4     11.2     11.7     12.7     13.8     14.5     15.7     16.2
2    31.0    -0.3120  12.9006   0.12633  10.3     10.5     11.3     11.9     12.9     14.1     14.7     16.0     16.5
2    32.0    -0.3138  13.0930   0.12683  10.4     10.7     11.5     12.0     13.1     14.3     15.0     16.2     16.8
2    33.0    -0.3155  13.2837   0.12737  10.5     10.8     11.7     12.2     13.3     14.5     15.2     16.5     17.0
2    34.0    -0.3171  13.4731   0.12794  10.7     11.0     11.8     12.4     13.5     14.7     15.4     16.8     17.3
2    35.0    -0.3186  13.6618   0.12855  10.8     11.1     12.0     12.5     13.7     14.9     15.7     17.0     17.6
2    36.0    -0.3201  13.8503   0.12919  11.0     11.3     12.1     12.7     13.9     15.1     15.9     17.3     17.8
2    37.0    -0.3216  14.0385   0.12988  11.1     11.4     12.3     12.9     14.0     15.3     16.1     17.5     18.1
2    38.0    -0.3230  14.2265   0.13059  11.2     11.6     12.5     13.0     14.2     15.6     16.3     17.8     18.4
2    39.0    -0.3243  14.4140   0.13135  11.4     11.7     12.6     13.2     14.4     15.8     16.6     18.0     18.6
2    40.0    -0.3257  14.6010   0.13213  11.5     11.8     12.8     13.4     14.6     16.0     16.8     18.3     18.9
2    41.0    -0.3270  14.7873   0.13293  11.6     12.0     12.9     13.5     14.8     16.2     17.0     18.6     19.2
2    42.0    -0.3283  14.9727   0.13376  11.8     12.1     13.1     13.7     15.0     16.4     17.3     18.8     19.5
2    43.0    -0.3296  15.1573   0.13460  11.9     12.2     13.2     13.9     15.2     16.6     17.5     19.1     19.7
2    44.0    -0.3309  15.3410   0.13545  12.0     12.4     13.4     14.0     15.3     16.8     17.7     19.3     20.0
2    45.0    -0.3322  15.5240   0.13630  12.1     12.5     13.5     14.2     15.5     17.0     17.9     19.6     20.3
2    46.0    -0.3335  15.7064   0.13716  12.3     12.6     13.7     14.3     15.7     17.3     18.2     19.9     20.6
2    47.0    -0.3348  15.8882   0.13800  12.4     12.8     13.8     14.5     15.9     17.5     18.4     20.1     20.8
2    48.0    -0.3361  16.0697   0.13884  12.5     12.9     14.0     14.7     16.1     17.7     18.6     20.4     21.1
2    49.0    -0.3374  16.2511   0.13968  12.6     13.0     14.1     14.8     16.3     17.9     18.9     20.6     21.4
2    50.0    -0.3387  16.4322   0.14051  12.8     13.2     14.3     15.0     16.4     18.1     19.1     20.9     21.7
2    51.0    -0.3400  16.6133   0.14132  12.9     13.3     14.4     15.1     16.6     18.3     19.3     21.2     22.0
2    52.0    -0.3414  16.7942   0.14213  13.0     13.4     14.5     15.3     16.8     18.5     19.5     21.4     22.2
2    53.0    -0.3427  16.9748   0.14293  13.1     13.5     14.7     15.4     17.0     18.7     19.8     21.7     22.5
2    54.0    -0.3440  17.1551   0.14371  13.2     13.7     14.8     15.6     17.2     18.9     20.0     22.0     22.8
2    55.0    -0.3453  17.3347   0.14448  13.4     13.8     15.0     15.8     17.3     19.1     20.2     22.2     23.1
2    56.0    -0.3466  17.5136   0.14525  13.5     13.9     15.1     15.9     17.5     19.3     20.4     22.5     23.3
2    57.0    -0.3479  17.6916   0.14600  13.6     14.0     15.3     16.1     17.7     19.6     20.7     22.7     23.6
2    58.0    -0.3492  17.8686   0.14675  13.7     14.2     15.4     16.2     17.9     19.8     20.9     23.0     23.9
2    59.0    -0.3505  18.0445   0.14748  13.8     14.3     15.5     16.4     18.0     20.0     21.1     23.3     24.2
2    60.0    -0.3518  18.2193   0.14821  14.0     14.4     15.7     16.5     18.2     20.2     21.3     23.5     24.4